$SPEC_ID:
trial spectrum
$SPEC_REM:
DET# 1
DETDESC# NS-PC19GDNE Easy-MCA-2k SN 14218179
AP# Maestro Version 7.01
$DATE_MEA:
03/02/2022 11:47:01
$MEAS_TIM:
659 675
$DATA:
0 2047
       0
       0
       8
     573
    6384
    9398
   10332
   11943
   13353
   15438
   18273
   21774
   26182
   31317
   35831
   40445
   43585
   44911
   44742
   42382
   38439
   33344
   28598
   23211
   18993
   15636
   13250
   11672
   11216
   11598
   12609
   13956
   15679
   18446
   21190
   24271
   28790
   33901
   40100
   47777
   57852
   69318
   82714
   96444
  111240
  125834
  138261
  149545
  156319
  159532
  157420
  151113
  141312
  127004
  111554
   95854
   79299
   63607
   49942
   37716
   27920
   20463
   14287
    9715
    6719
    4604
    2957
    1912
    1311
     987
     718
     567
     503
     504
     448
     425
     452
     452
     387
     395
     441
     466
     428
     426
     401
     427
     490
     453
     443
     468
     451
     411
     405
     405
     418
     406
     402
     399
     365
     382
     361
     326
     341
     314
     337
     287
     305
     308
     302
     293
     290
     268
     271
     225
     228
     205
     209
     167
     163
     147
     135
     118
      94
      65
      68
      70
      41
      48
      27
      25
      21
      16
      22
      11
      14
      12
       7
      13
      16
      11
      16
      18
      11
      13
      12
       6
      14
      14
       9
      14
       9
      12
      12
      14
      12
      15
       9
      11
      12
      11
       8
       5
       9
      11
      10
      10
      13
       6
      12
       8
      10
      13
       4
       6
       9
       7
      15
       6
      11
      10
      12
       9
       9
      14
       6
       9
       5
      10
      10
      16
      17
      13
       7
      11
      15
       8
      17
      11
      12
       3
       5
       9
       9
       8
       4
       4
      16
       6
       8
       5
       5
       6
       3
       6
      12
       2
       9
       7
       8
       7
       9
       5
       3
       6
       5
       5
       3
       3
       4
       5
       8
       6
      12
       4
       6
      11
       8
       4
       4
       7
       6
       5
       8
       8
       7
       6
       6
       4
       6
       5
       7
       7
       4
       2
       5
       8
       4
      10
       8
       4
       3
      11
       4
       7
      10
       3
      12
       3
       7
       3
       7
       8
       6
       9
       3
      11
       5
       5
       7
       6
       8
       7
       4
       8
       3
       3
       6
       6
       7
       1
       8
       4
       4
       6
       5
       6
       8
       3
      12
       3
       5
       7
       7
       4
       5
       4
       8
       5
       4
       7
       3
       5
       1
       4
      13
       7
       6
       7
       7
       5
       3
       3
       8
       2
       5
       7
       6
       3
       5
       5
       1
       6
       1
       4
       5
       5
       8
       6
       3
       4
       3
       6
       2
       5
       5
       6
       4
       6
       6
       6
       6
       3
       3
       6
       5
       2
       5
       4
       5
       3
       4
       2
       3
       0
       4
       5
       2
       7
       2
       5
       4
       2
       1
       5
       1
       3
       2
       6
       6
       1
       9
       2
       2
       5
       3
       2
       3
       5
       5
       3
       3
       2
       1
       7
       4
       2
       5
       4
       3
       2
       3
       2
       2
       4
       7
       3
       3
       4
       4
       2
       2
       6
       2
       3
       0
       1
       3
       6
       8
       2
       4
       3
       4
       1
       3
       5
       2
       2
       2
       4
       7
       1
       1
       2
       6
       0
       2
       2
       2
       4
       1
       2
       1
       3
       2
       3
       0
       4
       5
       1
       1
       1
       4
       1
       1
       2
       1
       1
       3
       5
       3
       4
       3
       2
       3
       2
       2
       1
       2
       2
       1
       4
       1
       1
       4
       1
       2
       1
       4
       3
       0
       4
       3
       2
       2
       1
       0
       1
       1
       4
       5
       1
       3
       0
       4
       3
       4
       4
       2
       2
       4
       4
       2
       3
       6
       5
       2
       4
       2
       6
       1
       2
       5
       2
       2
       1
       2
       2
       2
       4
       3
       2
       3
       4
       1
       4
       1
       1
       1
       0
       1
       3
       3
       6
       0
       0
       2
       2
       0
       1
       1
       5
       4
       0
       1
       2
       2
       2
       2
       1
       3
       0
       2
       2
       7
       2
       2
       1
       0
       3
       0
       2
       0
       3
       4
       2
       1
       8
       3
       0
       2
       2
       3
       1
       2
       3
       3
       1
       4
       2
       5
       0
       1
       5
       4
       2
       2
       1
       4
       0
       2
       2
       2
       5
       0
       3
       1
       3
       0
       3
       1
       1
       3
       0
       4
       0
       2
       4
       1
       5
       3
       2
       1
       3
       0
       2
       2
       0
       3
       0
       1
       1
       1
       1
       2
       0
       3
       2
       1
       2
       2
       0
       4
       3
       2
       0
       2
       2
       2
       1
       1
       1
       4
       0
       1
       0
       3
       3
       1
       3
       2
       2
       5
       1
       1
       2
       3
       2
       3
       3
       0
       0
       1
       2
       1
       4
       4
       0
       4
       0
       1
       1
       0
       3
       2
       2
       1
       1
       1
       1
       2
       1
       1
       0
       2
       1
       3
       2
       0
       1
       1
       3
       1
       3
       3
       1
       5
       1
       1
       3
       2
       3
       3
       1
       2
       2
       2
       1
       0
       1
       2
       0
       1
       0
       2
       3
       2
       3
       2
       0
       0
       3
       1
       2
       1
       2
       2
       0
       0
       3
       1
       1
       1
       3
       2
       1
       1
       3
       3
       1
       2
       0
       3
       1
       0
       1
       0
       1
       1
       4
       1
       2
       2
       0
       2
       2
       5
       1
       3
       0
       2
       1
       2
       2
       1
       5
       2
       4
       1
       0
       1
       2
       1
       1
       2
       1
       1
       1
       5
       3
       2
       1
       0
       1
       0
       1
       1
       3
       1
       3
       2
       1
       1
       2
       2
       1
       1
       0
       1
       1
       3
       1
       4
       3
       0
       0
       3
       2
       2
       0
       0
       1
       1
       1
       1
       3
       0
       2
       0
       2
       1
       0
       3
       2
       1
       1
       3
       0
       1
       1
       0
       0
       1
       2
       2
       3
       0
       1
       1
       4
       2
       3
       0
       1
       1
       1
       0
       1
       1
       0
       1
       2
       4
       0
       2
       1
       1
       2
       2
       2
       0
       2
       2
       2
       0
       2
       1
       0
       3
       2
       2
       0
       3
       2
       2
       1
       0
       0
       1
       0
       2
       1
       1
       1
       0
       4
       0
       1
       1
       0
       2
       0
       0
       3
       0
       1
       2
       1
       0
       1
       1
       3
       3
       3
       2
       0
       2
       0
       0
       2
       2
       0
       3
       0
       4
       0
       4
       1
       1
       4
       2
       0
       2
       2
       2
       1
       0
       1
       2
       3
       0
       1
       0
       1
       0
       0
       3
       0
       2
       0
       2
       1
       0
       1
       1
       1
       1
       1
       2
       0
       3
       2
       1
       0
       2
       3
       1
       3
       1
       2
       1
       1
       1
       1
       1
       1
       0
       3
       1
       0
       0
       0
       1
       1
       1
       0
       2
       0
       1
       0
       2
       1
       2
       1
       1
       2
       2
       1
       1
       1
       0
       0
       0
       2
       2
       0
       1
       2
       0
       2
       1
       2
       2
       0
       1
       2
       1
       3
       1
       0
       1
       1
       0
       0
       0
       2
       1
       0
       2
       0
       1
       1
       0
       0
       0
       1
       1
       0
       1
       0
       0
       1
       2
       1
       1
       0
       1
       2
       0
       2
       0
       1
       0
       0
       0
       2
       0
       3
       2
       0
       1
       0
       1
       2
       0
       2
       0
       0
       0
       1
       0
       0
       1
       1
       4
       0
       1
       0
       0
       0
       2
       2
       0
       1
       1
       2
       1
       1
       1
       1
       3
       1
       2
       2
       1
       0
       0
       0
       1
       0
       0
       1
       1
       1
       0
       0
       0
       0
       0
       1
       2
       2
       2
       1
       0
       0
       2
       0
       1
       1
       0
       0
       0
       1
       1
       0
       3
       2
       2
       0
       1
       1
       0
       2
       0
       0
       0
       0
       1
       0
       0
       1
       0
       3
       1
       0
       0
       0
       1
       0
       1
       0
       1
       1
       1
       0
       1
       0
       0
       1
       1
       0
       3
       0
       1
       0
       0
       2
       2
       2
       1
       0
       0
       1
       0
       1
       1
       1
       1
       0
       1
       1
       0
       1
       1
       0
       1
       0
       1
       0
       0
       2
       4
       0
       0
       0
       1
       1
       0
       0
       1
       2
       0
       0
       1
       3
       1
       0
       2
       0
       1
       2
       2
       1
       0
       0
       0
       1
       2
       2
       3
       0
       2
       1
       0
       1
       0
       1
       1
       0
       2
       0
       0
       1
       1
       1
       1
       0
       0
       1
       0
       0
       1
       0
       2
       0
       0
       1
       2
       0
       0
       1
       0
       0
       0
       0
       0
       2
       0
       1
       0
       0
       1
       1
       0
       0
       1
       1
       0
       1
       0
       1
       0
       0
       4
       1
       1
       0
       2
       1
       0
       1
       0
       1
       1
       1
       0
       1
       0
       0
       0
       0
       2
       0
       2
       0
       2
       1
       0
       1
       3
       1
       1
       1
       1
       0
       0
       0
       0
       1
       0
       0
       2
       3
       1
       1
       1
       1
       0
       1
       1
       2
       1
       2
       0
       1
       2
       1
       2
       1
       1
       0
       2
       2
       1
       1
       0
       1
       1
       0
       2
       0
       2
       2
       0
       1
       1
       1
       1
       1
       0
       0
       0
       1
       0
       0
       1
       0
       0
       1
       1
       1
       2
       1
       0
       1
       2
       0
       0
       2
       0
       1
       0
       0
       0
       0
       1
       0
       1
       0
       1
       2
       0
       2
       2
       1
       1
       0
       1
       0
       0
       0
       1
       0
       2
       0
       1
       0
       0
       0
       0
       0
       0
       0
       1
       0
       0
       1
       1
       0
       1
       0
       1
       0
       0
       2
       1
       0
       0
       0
       0
       1
       0
       0
       1
       2
       0
       1
       2
       0
       0
       0
       0
       1
       0
       0
       0
       0
       1
       1
       1
       0
       1
       1
       2
       2
       0
       1
       1
       1
       2
       0
       0
       1
       0
       1
       0
       1
       1
       0
       0
       1
       1
       1
       0
       1
       0
       2
       0
       0
       1
       2
       1
       1
       0
       0
       0
       1
       1
       1
       0
       1
       2
       0
       1
       0
       1
       0
       0
       0
       1
       1
       2
       0
       0
       1
       3
       0
       0
       1
       0
       1
       1
       2
       0
       0
       0
       0
       0
       0
       1
       2
       0
       0
       1
       0
       0
       1
       0
       0
       0
       1
       0
       0
       2
       0
       0
       0
       0
       2
       0
       0
       0
       0
       0
       2
       0
       1
       0
       1
       1
       0
       0
       0
       0
       0
       0
       0
       1
       1
       2
       1
       2
       1
       0
       1
       0
       0
       1
       0
       0
       1
       0
       1
       0
       0
       1
       0
       0
       0
       0
       0
       0
       0
       0
       0
       1
       0
       1
       0
       0
       1
       0
       0
       1
       0
       0
       0
       0
       0
       0
       0
       0
       1
       0
       0
       0
       1
       0
       0
       0
       0
       1
       0
       0
       0
       0
       0
       1
       1
       0
       0
       0
       0
       0
       0
       1
       0
       0
       0
       2
       0
       0
       0
       1
       0
       0
       1
       0
       0
       1
       0
       1
       0
       0
       0
       0
       0
       0
       0
       0
       0
       1
       0
       0
       0
       1
       0
       0
       0
       0
       0
       0
       1
       0
       0
       0
       0
       2
       0
       1
       0
       1
       0
       0
       0
       0
       1
       1
       0
       0
       2
       1
       0
       0
       0
       0
       1
       0
       2
       0
       0
       1
       0
       0
       1
       0
       0
       0
       2
       1
       1
       0
       0
       0
       0
       0
       0
       0
       1
       1
       0
       0
       0
       0
       1
       0
       0
       1
       0
       0
       2
       0
       0
       0
       0
       0
       1
       0
       0
       0
       0
       0
       0
       0
       1
       0
       0
       0
       1
       0
       1
       0
       0
       1
       0
       0
       0
       0
       0
       0
       1
       0
       1
       0
       0
       0
       0
       0
       0
       0
       0
       0
       1
       0
       0
       0
       2
       0
       0
       0
       0
       0
       0
       0
       0
       0
       0
       0
       0
       0
       0
       0
       0
       0
       1
       0
       0
       0
       0
       0
       0
       0
       1
       3
       0
       0
       0
       0
       0
       0
       0
       0
       1
       0
       1
       0
       0
       0
       0
       0
       0
       0
       0
       0
       0
       0
       1
       0
       1
       1
       0
       0
       1
       0
       0
       1
       0
       0
       0
       0
       0
       0
       1
       0
       0
       0
       0
       0
       0
       0
       0
       1
       0
       0
       1
       0
       0
       0
       1
       0
       0
       0
       0
       0
       0
       0
       0
       0
       0
       0
       0
       1
       0
       0
       0
       0
       0
       0
       0
       0
       0
       0
       0
       1
       0
       0
       0
       1
       0
       0
       0
       0
       0
       0
       0
       0
       0
       0
       0
       0
       1
       0
       0
       0
       0
       0
       0
       1
       0
       0
       0
       0
       0
       0
       0
       0
       0
       0
       0
       0
       0
       0
       0
       0
       0
       0
       0
       0
       0
       0
       0
       0
       0
       0
       0
       0
       1
       0
       0
       1
       0
       0
       0
       0
       1
       0
       0
       0
       0
       0
       0
       0
       0
       0
       0
       2
       1
       1
       0
       0
       0
       0
       0
       0
       0
       0
       0
       0
       1
       0
       0
       0
       0
       0
       0
       1
       0
       0
       0
       0
       0
       0
       0
       0
       0
       0
       0
       0
       0
       0
       0
       0
       0
       0
       0
       0
       0
       0
       0
       0
       0
       0
       0
       0
       0
       0
       0
       0
       0
       0
       0
       0
       0
       0
       0
       0
       0
       0
       0
       0
       0
       0
       0
       0
       0
       0
       0
       0
       0
       0
       0
       0
       0
       0
       0
       0
       0
       0
       0
       0
       0
       0
       0
       0
       0
       0
       0
       0
       0
       0
       0
       0
       0
       0
       0
       0
       0
       0
       0
       0
       0
       0
       0
       0
       0
       0
       0
       0
       0
       0
       0
       0
       0
       0
       0
       0
       0
$ROI:
0
$PRESETS:
None
0
0
$ENER_FIT:
0.000000 0.000000
$MCA_CAL:
3
0.000000E+000 0.000000E+000 0.000000E+000 
$SHAPE_CAL:
3
0.000000E+000 0.000000E+000 0.000000E+000
