$SPEC_ID:
trial spectrum
$SPEC_REM:
DET# 1
DETDESC# NS-PC19GDNE Easy-MCA-2k SN 14218179
AP# Maestro Version 7.01
$DATE_MEA:
03/02/2022 10:44:34
$MEAS_TIM:
384 389
$DATA:
0 2047
       0
       0
       4
     262
    2585
    3389
    4085
    4881
    5833
    7020
    8099
    9465
   11165
   13069
   14869
   17304
   19119
   20191
   20528
   20470
   18719
   17282
   14630
   12030
    9638
    7371
    5615
    4132
    3303
    2459
    2052
    1741
    1599
    1558
    1502
    1631
    1611
    1730
    1685
    1803
    1906
    1837
    1867
    1885
    1856
    1889
    1795
    1917
    2042
    2137
    2236
    2419
    2646
    2881
    3142
    3449
    3869
    4208
    4635
    5201
    5562
    6329
    6645
    7303
    7772
    8200
    8547
    8675
    8909
    8884
    8736
    8397
    7885
    7375
    6836
    6209
    5457
    4742
    4075
    3602
    2897
    2513
    2038
    1682
    1381
    1253
    1085
     886
     799
     726
     639
     656
     621
     636
     560
     611
     596
     578
     632
     647
     640
     602
     618
     632
     639
     654
     641
     665
     638
     637
     630
     592
     662
     666
     622
     612
     630
     655
     689
     695
     673
     669
     712
     771
     722
     783
     750
     718
     783
     780
     836
     779
     831
     879
     892
     900
     912
     924
     946
     983
     903
     947
     984
     928
     910
     976
     919
     870
     866
     947
     853
     849
     894
     863
     806
     871
     787
     810
     742
     790
     760
     783
     725
     746
     787
     733
     721
     707
     716
     724
     666
     631
     658
     675
     626
     692
     637
     661
     594
     582
     656
     658
     573
     576
     563
     554
     584
     591
     576
     543
     539
     534
     521
     512
     533
     552
     539
     525
     531
     529
     535
     504
     532
     492
     530
     537
     493
     465
     473
     472
     513
     483
     475
     441
     511
     454
     464
     514
     483
     482
     501
     481
     483
     549
     570
     502
     600
     542
     567
     540
     557
     622
     597
     654
     678
     678
     781
     777
     796
     820
     860
     869
     906
     928
     981
     985
    1047
    1054
    1091
    1147
    1191
    1236
    1316
    1276
    1368
    1340
    1433
    1373
    1488
    1530
    1552
    1522
    1589
    1694
    1639
    1664
    1699
    1776
    1812
    1786
    1932
    1865
    1882
    1898
    1836
    1866
    1902
    2031
    1886
    1927
    1894
    1910
    1847
    1807
    1808
    1791
    1831
    1774
    1808
    1763
    1729
    1711
    1709
    1709
    1629
    1721
    1608
    1635
    1685
    1660
    1818
    1735
    1881
    1836
    1847
    1885
    2006
    2092
    2217
    2266
    2377
    2489
    2547
    2749
    2782
    2950
    2966
    3085
    3222
    3262
    3422
    3550
    3551
    3768
    3671
    3855
    3901
    3921
    3921
    3914
    4134
    4014
    3928
    3956
    4032
    3874
    3800
    3821
    3753
    3590
    3552
    3488
    3332
    3315
    3070
    3121
    3049
    2788
    2718
    2720
    2524
    2504
    2407
    2170
    2042
    2017
    1944
    1840
    1701
    1607
    1605
    1463
    1408
    1368
    1247
    1134
    1200
    1068
     956
     915
     941
     862
     749
     770
     746
     652
     635
     641
     626
     548
     522
     470
     434
     444
     393
     369
     354
     331
     293
     315
     281
     298
     245
     245
     228
     209
     210
     173
     189
     169
     180
     160
     180
     151
     156
     136
     132
     117
     110
     100
     105
      91
      89
      95
      71
      72
      77
      79
      85
      73
      63
      67
      51
      57
      51
      56
      44
      55
      49
      38
      22
      48
      41
      42
      38
      30
      28
      28
      24
      26
      25
      14
      19
       9
      24
      16
      16
      13
      15
      12
      11
      15
       9
       8
      10
       9
       8
      11
       5
      11
      13
      12
       7
       9
       8
       4
       6
       6
       2
       6
       4
       8
       7
       2
       4
       7
       2
       5
       1
       3
       6
       3
       7
       3
       4
       4
       5
       7
       3
       3
       3
       4
       5
       7
       6
       7
       3
       4
       1
       4
       6
       7
       3
       3
       3
       2
       3
       0
       4
       1
       3
       2
       5
       4
       0
       6
       7
       3
       3
       3
       2
       2
       6
       0
       6
       2
       4
       3
       2
       1
       0
       0
       3
       0
       5
       4
       4
       3
       3
       3
       4
       1
       4
       0
       1
       3
       5
       1
       2
       3
       1
       2
       1
       1
       3
       2
       1
       1
       6
       3
       4
       5
       3
       2
       0
       1
       1
       2
       0
       5
       3
       2
       1
       1
       0
       5
       1
       0
       3
       2
       2
       1
       3
       7
       1
       3
       4
       3
       4
       0
       4
       5
       3
       1
       2
       0
       2
       5
       3
       2
       3
       0
       6
       0
       2
       2
       2
       0
       1
       1
       2
       2
       4
       4
       0
       1
       2
       4
       1
       1
       5
       5
       4
       3
       2
       2
       5
       4
       1
       0
       2
       2
       1
       1
       1
       0
       1
       1
       3
       2
       1
       3
       2
       2
       2
       4
       5
       3
       2
       0
       1
       5
       4
       4
       1
       0
       1
       2
       1
       1
       2
       5
       3
       2
       3
       2
       2
       1
       3
       3
       4
       3
       1
       1
       0
       5
       0
       0
       2
       1
       5
       0
       0
       1
       2
       2
       5
       0
       1
       0
       3
       0
       1
       3
       0
       0
       1
       0
       4
       2
       1
       0
       1
       0
       2
       1
       0
       3
       1
       2
       2
       2
       4
       1
       1
       2
       1
       0
       0
       2
       0
       0
       0
       2
       2
       1
       1
       1
       2
       2
       0
       1
       1
       1
       1
       2
       1
       0
       0
       1
       0
       0
       2
       0
       0
       1
       0
       1
       2
       0
       0
       3
       0
       0
       1
       0
       1
       1
       0
       2
       3
       1
       0
       1
       1
       1
       0
       4
       0
       0
       1
       0
       2
       0
       1
       1
       1
       0
       1
       0
       1
       1
       0
       1
       3
       0
       2
       2
       1
       0
       0
       1
       3
       1
       2
       1
       1
       1
       0
       2
       1
       1
       0
       1
       1
       1
       0
       0
       1
       3
       1
       1
       0
       0
       2
       1
       0
       1
       0
       0
       0
       0
       1
       2
       0
       2
       2
       0
       1
       0
       0
       1
       2
       2
       1
       0
       1
       2
       0
       1
       0
       0
       1
       0
       2
       0
       0
       1
       1
       0
       0
       0
       1
       1
       0
       0
       0
       0
       0
       1
       0
       1
       0
       0
       1
       1
       3
       0
       1
       0
       2
       0
       0
       0
       1
       1
       0
       0
       0
       0
       0
       2
       0
       1
       0
       2
       0
       0
       2
       0
       1
       1
       1
       0
       1
       2
       0
       1
       1
       2
       1
       0
       2
       2
       0
       0
       0
       2
       0
       0
       1
       0
       3
       1
       0
       0
       0
       1
       1
       1
       0
       1
       0
       1
       0
       0
       0
       2
       2
       0
       2
       0
       0
       2
       2
       1
       0
       1
       1
       1
       0
       1
       0
       0
       0
       1
       0
       0
       1
       0
       1
       0
       0
       1
       0
       1
       1
       1
       1
       0
       0
       0
       0
       1
       2
       0
       0
       3
       0
       1
       0
       0
       0
       1
       2
       0
       0
       0
       2
       0
       2
       1
       1
       1
       0
       1
       0
       0
       0
       2
       0
       1
       0
       1
       1
       0
       0
       0
       1
       2
       1
       0
       0
       0
       1
       1
       0
       0
       0
       2
       1
       0
       1
       2
       0
       0
       1
       0
       1
       2
       0
       1
       0
       0
       1
       1
       0
       1
       0
       1
       2
       0
       0
       0
       0
       0
       0
       1
       0
       1
       0
       0
       0
       0
       1
       0
       0
       1
       1
       1
       0
       0
       0
       0
       0
       1
       0
       2
       0
       0
       1
       1
       1
       2
       0
       0
       0
       2
       0
       0
       0
       0
       1
       0
       0
       1
       1
       0
       1
       0
       0
       1
       3
       0
       0
       0
       0
       1
       1
       1
       0
       1
       0
       0
       0
       1
       0
       1
       1
       0
       0
       2
       1
       0
       0
       0
       1
       1
       2
       1
       1
       2
       1
       0
       0
       0
       0
       2
       1
       1
       0
       1
       2
       1
       0
       1
       0
       0
       0
       0
       0
       1
       0
       0
       0
       0
       0
       0
       1
       1
       1
       1
       0
       0
       0
       0
       1
       0
       0
       0
       1
       0
       0
       0
       1
       0
       1
       0
       0
       1
       0
       1
       0
       2
       1
       1
       0
       0
       0
       0
       4
       0
       0
       1
       2
       1
       0
       0
       0
       0
       0
       0
       1
       0
       1
       0
       0
       0
       0
       1
       1
       1
       1
       0
       1
       1
       0
       0
       0
       0
       0
       0
       0
       0
       0
       0
       0
       0
       0
       1
       0
       0
       0
       0
       1
       0
       1
       1
       0
       0
       0
       1
       0
       1
       0
       0
       0
       0
       0
       0
       0
       1
       1
       0
       0
       1
       1
       1
       1
       0
       0
       0
       0
       0
       0
       0
       0
       1
       1
       0
       0
       0
       0
       1
       0
       0
       2
       0
       1
       1
       0
       1
       0
       0
       0
       0
       0
       0
       0
       0
       1
       0
       0
       0
       1
       0
       1
       0
       1
       0
       1
       1
       0
       1
       0
       1
       0
       0
       2
       1
       0
       0
       0
       0
       0
       0
       0
       0
       0
       0
       0
       0
       0
       2
       0
       0
       0
       0
       1
       1
       1
       1
       0
       0
       0
       0
       1
       0
       0
       0
       0
       1
       0
       0
       0
       0
       0
       0
       0
       0
       0
       1
       0
       0
       1
       0
       0
       3
       0
       1
       0
       0
       2
       0
       1
       0
       0
       0
       0
       0
       0
       2
       0
       0
       1
       1
       0
       0
       0
       0
       2
       0
       0
       0
       2
       0
       1
       0
       1
       1
       1
       0
       0
       0
       0
       1
       0
       2
       1
       2
       1
       0
       0
       0
       1
       0
       0
       0
       1
       1
       1
       2
       0
       2
       0
       1
       0
       0
       0
       0
       0
       0
       0
       0
       0
       1
       0
       0
       0
       2
       0
       2
       0
       0
       1
       0
       2
       0
       0
       0
       1
       0
       0
       0
       1
       2
       1
       0
       0
       0
       0
       0
       0
       0
       1
       2
       0
       2
       0
       1
       0
       0
       0
       0
       0
       1
       0
       0
       2
       0
       0
       0
       0
       0
       0
       0
       0
       0
       0
       0
       1
       0
       1
       0
       1
       0
       0
       0
       0
       0
       0
       0
       0
       0
       0
       0
       1
       1
       0
       0
       1
       0
       1
       0
       0
       0
       0
       0
       1
       0
       0
       1
       1
       0
       0
       0
       0
       1
       1
       0
       0
       0
       0
       0
       0
       0
       0
       2
       0
       0
       0
       0
       0
       0
       0
       1
       1
       0
       0
       0
       0
       1
       0
       0
       1
       0
       1
       0
       2
       0
       0
       0
       1
       1
       0
       0
       0
       0
       3
       0
       1
       1
       0
       0
       1
       0
       0
       0
       0
       0
       0
       0
       2
       0
       0
       0
       0
       0
       0
       0
       1
       0
       1
       0
       0
       1
       0
       1
       0
       0
       0
       0
       0
       2
       0
       0
       0
       0
       0
       0
       0
       0
       0
       0
       0
       0
       1
       0
       0
       0
       1
       1
       0
       1
       0
       0
       0
       1
       0
       0
       1
       1
       0
       2
       1
       0
       0
       0
       1
       0
       0
       0
       0
       0
       0
       0
       0
       0
       0
       0
       0
       0
       0
       0
       1
       0
       1
       0
       2
       0
       1
       0
       1
       0
       0
       0
       0
       0
       0
       0
       0
       0
       0
       0
       0
       0
       1
       0
       1
       0
       0
       0
       0
       0
       0
       0
       0
       0
       1
       0
       0
       0
       0
       0
       0
       0
       0
       0
       0
       0
       0
       0
       0
       0
       1
       1
       1
       0
       0
       0
       0
       1
       0
       0
       0
       0
       0
       0
       0
       0
       2
       0
       0
       0
       1
       0
       0
       0
       0
       0
       1
       0
       1
       0
       0
       0
       0
       0
       0
       0
       0
       0
       0
       0
       0
       0
       0
       0
       0
       0
       0
       1
       0
       0
       0
       0
       0
       0
       0
       0
       1
       0
       0
       0
       0
       0
       1
       0
       0
       0
       0
       0
       0
       0
       0
       0
       0
       0
       0
       0
       0
       0
       0
       0
       0
       0
       0
       0
       0
       0
       0
       0
       0
       0
       0
       0
       0
       0
       0
       0
       0
       0
       0
       0
       0
       0
       1
       0
       0
       0
       0
       1
       0
       1
       0
       0
       0
       1
       0
       0
       0
       0
       0
       0
       0
       1
       0
       0
       0
       0
       1
       0
       0
       0
       0
       0
       0
       0
       0
       0
       0
       0
       0
       0
       0
       0
       0
       0
       0
       0
       0
       0
       0
       0
       0
       0
       0
       1
       0
       2
       0
       0
       0
       1
       0
       0
       0
       0
       0
       0
       0
       1
       0
       0
       0
       0
       0
       1
       0
       0
       0
       1
       0
       0
       0
       0
       0
       0
       0
       0
       0
       0
       0
       0
       0
       0
       0
       0
       0
       0
       0
       0
       0
       2
       0
       0
       1
       0
       0
       0
       0
       1
       0
       0
       0
       0
       0
       0
       0
       0
       0
       0
       0
       0
       0
       0
       0
       0
       0
       0
       1
       0
       0
       1
       0
       0
       0
       0
       0
       0
       0
       0
       0
       0
       0
       1
       0
       1
       1
       1
       0
       0
       0
       1
       0
       0
       0
       0
       0
       0
       0
       0
       0
       0
       0
       0
       0
       0
       0
       0
       0
       0
       0
       0
       0
       0
       0
       0
       0
       0
       0
       0
       0
       0
       0
       0
       0
       0
       0
       0
       0
       0
       0
       0
       0
       0
       0
       0
       0
       0
       0
       0
       0
       0
       0
       0
       0
       0
       0
       0
       0
       0
       0
       0
       0
       0
       0
       0
       0
       0
       0
       0
       0
       0
       0
       0
       0
       0
       0
       0
       0
       0
       0
       0
       0
       0
       0
       0
       0
       0
       0
       0
       0
       0
       0
       0
       0
       0
       0
       0
       0
       0
       0
       0
       0
       0
       0
       0
       0
       0
       0
       0
       0
       0
       0
       0
       0
       0
       0
       0
       0
       0
       0
       0
       0
       0
       0
       0
$ROI:
0
$PRESETS:
None
0
0
$ENER_FIT:
0.000000 0.000000
$MCA_CAL:
3
0.000000E+000 0.000000E+000 0.000000E+000 
$SHAPE_CAL:
3
0.000000E+000 0.000000E+000 0.000000E+000
