$SPEC_ID:
trial spectrum
$SPEC_REM:
DET# 1
DETDESC# NS-PC19GDNE Easy-MCA-2k SN 14218179
AP# Maestro Version 7.01
$DATE_MEA:
03/02/2022 10:53:09
$MEAS_TIM:
2098 2116
$DATA:
0 2047
       0
       0
      21
     110
    1804
    2662
    2685
    2698
    2813
    2770
    2758
    2846
    2970
    2930
    3061
    3100
    3219
    3283
    3193
    3194
    3068
    3100
    3014
    3084
    2970
    3106
    2886
    3047
    3053
    3108
    3042
    3080
    3032
    3191
    3052
    3183
    3206
    3136
    3238
    3155
    3282
    3247
    3246
    3239
    3334
    3445
    3461
    3574
    3562
    3678
    3714
    3983
    4026
    4127
    4405
    4442
    4857
    4898
    5154
    5323
    5519
    5815
    5776
    5991
    6075
    6129
    6072
    5895
    5843
    5763
    5609
    5360
    5128
    4965
    4924
    4748
    4384
    4210
    4066
    4064
    3803
    3712
    3606
    3374
    3360
    3242
    3178
    3056
    2901
    2918
    2998
    2873
    2779
    2824
    2826
    2815
    2694
    2823
    2827
    2763
    2762
    2788
    2840
    2628
    2846
    2777
    2810
    2830
    2719
    2849
    2893
    2844
    2928
    2889
    2773
    2807
    2884
    2793
    2860
    2919
    2866
    2818
    2867
    3029
    2896
    2891
    2870
    2948
    3051
    2959
    2846
    2901
    2920
    2874
    2995
    2874
    2952
    2982
    2975
    2989
    3060
    2972
    2916
    2995
    2996
    2875
    3018
    3006
    3042
    2958
    3080
    3023
    2957
    3073
    3098
    2899
    2994
    3034
    3142
    3105
    3071
    3098
    3059
    3139
    3253
    3177
    3122
    3214
    3069
    3140
    3131
    3174
    3221
    3166
    3222
    3269
    3341
    3400
    3328
    3473
    3290
    3387
    3410
    3364
    3394
    3425
    3572
    3644
    3600
    3643
    3607
    3675
    3700
    3657
    3729
    3668
    3653
    3836
    3893
    3905
    3802
    3890
    3883
    3863
    3901
    3906
    3982
    4067
    4013
    3987
    4044
    4021
    4019
    3914
    3948
    4054
    4017
    3962
    3993
    4069
    3946
    4029
    3909
    4003
    3910
    3958
    3931
    4110
    3959
    3919
    3952
    3981
    3878
    3946
    3980
    4010
    3948
    3858
    3931
    3824
    3846
    3906
    3897
    3865
    3996
    3942
    3811
    3918
    3790
    3821
    3980
    3924
    3859
    3927
    3782
    3900
    3876
    3688
    3761
    3683
    3829
    3719
    3798
    3765
    3812
    3715
    3757
    3837
    3779
    3857
    3875
    3805
    3811
    3809
    3806
    3783
    3714
    3815
    3724
    3683
    3806
    3790
    3747
    3721
    3814
    3749
    3663
    3691
    3733
    3654
    3732
    3681
    3619
    3617
    3744
    3554
    3700
    3621
    3641
    3652
    3556
    3545
    3436
    3624
    3645
    3526
    3445
    3458
    3524
    3545
    3596
    3512
    3491
    3386
    3444
    3532
    3517
    3520
    3402
    3528
    3542
    3437
    3418
    3535
    3518
    3428
    3433
    3445
    3434
    3228
    3398
    3356
    3407
    3371
    3245
    3333
    3329
    3400
    3339
    3363
    3346
    3355
    3429
    3334
    3306
    3332
    3218
    3326
    3329
    3314
    3200
    3183
    3259
    3234
    3331
    3230
    3222
    3274
    3272
    3238
    3274
    3139
    3158
    3277
    3164
    3272
    3200
    3280
    3249
    3133
    3221
    3167
    3065
    3126
    3252
    3287
    3077
    3135
    3178
    3141
    3124
    3156
    3181
    3073
    3095
    3106
    3079
    2980
    3115
    3172
    3103
    3043
    3211
    3143
    3061
    3086
    3031
    3135
    3098
    3007
    2995
    2986
    3050
    3113
    3025
    2996
    2993
    2966
    3032
    2983
    2884
    2956
    3079
    2922
    2936
    2928
    3001
    2965
    2928
    2900
    2910
    2898
    2965
    2915
    2962
    2995
    2959
    2774
    2924
    2851
    2894
    2959
    2860
    2896
    2917
    2889
    2788
    2873
    2941
    2862
    2877
    2827
    2973
    2779
    2935
    2833
    2822
    2907
    2920
    2791
    2944
    2797
    2889
    2921
    2782
    2856
    2876
    2887
    2858
    2826
    2812
    2827
    2871
    2797
    2932
    2763
    2883
    2858
    2918
    2874
    2812
    2880
    2792
    2802
    2635
    2752
    2843
    2759
    2860
    2841
    2782
    2777
    2864
    2849
    2679
    2886
    2769
    2761
    2747
    2819
    2787
    2759
    2760
    2828
    2676
    2723
    2621
    2712
    2676
    2666
    2723
    2646
    2594
    2623
    2679
    2632
    2638
    2597
    2600
    2527
    2681
    2688
    2676
    2729
    2494
    2611
    2571
    2557
    2560
    2545
    2547
    2577
    2516
    2590
    2559
    2584
    2544
    2561
    2577
    2572
    2551
    2432
    2461
    2546
    2503
    2645
    2521
    2455
    2503
    2400
    2513
    2403
    2464
    2471
    2473
    2491
    2456
    2544
    2402
    2430
    2475
    2536
    2404
    2490
    2431
    2453
    2462
    2424
    2453
    2421
    2436
    2365
    2368
    2451
    2506
    2368
    2395
    2501
    2359
    2383
    2433
    2448
    2425
    2459
    2345
    2408
    2473
    2390
    2418
    2353
    2408
    2416
    2335
    2274
    2303
    2412
    2382
    2383
    2390
    2388
    2332
    2348
    2360
    2404
    2404
    2332
    2354
    2445
    2335
    2370
    2374
    2335
    2462
    2369
    2408
    2400
    2307
    2479
    2313
    2344
    2393
    2349
    2376
    2373
    2340
    2319
    2335
    2340
    2312
    2265
    2327
    2286
    2384
    2385
    2373
    2316
    2357
    2347
    2318
    2320
    2282
    2333
    2308
    2498
    2431
    2391
    2365
    2313
    2258
    2305
    2337
    2223
    2369
    2361
    2446
    2341
    2401
    2302
    2284
    2345
    2368
    2308
    2311
    2272
    2342
    2388
    2238
    2333
    2445
    2243
    2348
    2384
    2369
    2360
    2348
    2318
    2374
    2397
    2363
    2237
    2277
    2314
    2445
    2276
    2334
    2264
    2337
    2385
    2318
    2336
    2240
    2342
    2273
    2356
    2243
    2263
    2364
    2215
    2352
    2248
    2330
    2234
    2278
    2327
    2317
    2290
    2409
    2260
    2390
    2350
    2365
    2277
    2208
    2342
    2274
    2385
    2233
    2397
    2336
    2290
    2424
    2418
    2393
    2298
    2382
    2284
    2367
    2362
    2428
    2476
    2315
    2399
    2303
    2380
    2476
    2395
    2421
    2258
    2390
    2363
    2399
    2460
    2420
    2415
    2434
    2432
    2376
    2318
    2449
    2416
    2380
    2426
    2324
    2426
    2435
    2450
    2407
    2413
    2456
    2418
    2560
    2401
    2424
    2461
    2468
    2481
    2415
    2407
    2446
    2485
    2503
    2466
    2565
    2522
    2519
    2353
    2487
    2480
    2568
    2554
    2453
    2540
    2505
    2578
    2519
    2511
    2562
    2481
    2575
    2559
    2598
    2555
    2477
    2534
    2682
    2574
    2596
    2467
    2586
    2605
    2566
    2648
    2622
    2607
    2668
    2640
    2561
    2613
    2660
    2603
    2636
    2522
    2605
    2760
    2714
    2602
    2692
    2693
    2573
    2570
    2616
    2698
    2669
    2603
    2599
    2699
    2661
    2675
    2477
    2609
    2650
    2675
    2599
    2571
    2669
    2571
    2594
    2681
    2601
    2538
    2567
    2680
    2691
    2683
    2614
    2555
    2644
    2573
    2557
    2541
    2585
    2504
    2561
    2578
    2586
    2530
    2448
    2508
    2423
    2393
    2529
    2536
    2398
    2477
    2437
    2482
    2398
    2327
    2495
    2380
    2413
    2444
    2339
    2406
    2292
    2292
    2234
    2237
    2107
    2321
    2202
    2176
    2155
    2241
    2150
    2195
    2152
    2187
    2144
    2043
    2159
    2132
    2109
    2090
    2086
    1976
    2078
    2029
    1929
    2022
    1975
    1998
    1997
    1957
    2063
    1951
    1947
    1957
    1938
    1922
    1909
    1993
    1939
    1877
    1952
    1845
    1887
    1909
    1823
    1823
    1894
    1933
    1785
    1833
    1769
    1765
    1748
    1823
    1816
    1739
    1735
    1768
    1745
    1730
    1780
    1773
    1671
    1704
    1766
    1696
    1765
    1760
    1727
    1673
    1656
    1745
    1689
    1717
    1665
    1766
    1626
    1690
    1624
    1732
    1745
    1610
    1711
    1704
    1635
    1718
    1716
    1730
    1729
    1667
    1638
    1667
    1682
    1624
    1654
    1604
    1557
    1596
    1654
    1650
    1569
    1665
    1642
    1610
    1654
    1568
    1640
    1541
    1538
    1556
    1525
    1567
    1569
    1577
    1567
    1518
    1509
    1536
    1479
    1529
    1583
    1515
    1477
    1453
    1485
    1479
    1501
    1451
    1433
    1485
    1471
    1527
    1514
    1461
    1495
    1450
    1473
    1488
    1481
    1462
    1450
    1501
    1464
    1493
    1564
    1529
    1510
    1473
    1574
    1542
    1589
    1569
    1601
    1634
    1542
    1599
    1663
    1697
    1728
    1772
    1787
    1809
    1843
    1827
    1904
    1919
    2001
    1983
    2028
    2088
    2156
    2106
    2201
    2237
    2350
    2472
    2341
    2384
    2566
    2498
    2656
    2740
    2752
    2754
    2759
    2933
    2845
    3107
    3130
    3099
    3167
    3127
    3178
    3281
    3447
    3326
    3500
    3495
    3571
    3605
    3719
    3740
    3741
    3719
    3854
    3874
    3855
    3882
    4056
    3910
    4004
    3928
    3920
    4075
    4146
    3968
    4117
    3995
    4033
    3979
    4012
    4094
    4061
    4124
    3905
    4007
    4092
    3993
    3999
    3995
    3878
    3922
    3716
    3685
    3650
    3619
    3620
    3654
    3604
    3393
    3468
    3292
    3276
    3297
    3240
    3124
    3041
    3067
    2998
    2900
    2752
    2836
    2730
    2748
    2662
    2581
    2484
    2400
    2500
    2435
    2250
    2235
    2146
    2147
    2122
    2099
    2056
    2066
    1931
    1987
    1872
    1732
    1857
    1768
    1727
    1684
    1586
    1632
    1732
    1519
    1616
    1631
    1528
    1509
    1493
    1445
    1487
    1472
    1474
    1436
    1398
    1371
    1479
    1419
    1449
    1460
    1480
    1495
    1431
    1445
    1457
    1470
    1508
    1455
    1534
    1558
    1553
    1600
    1629
    1673
    1701
    1710
    1769
    1766
    1800
    1840
    1833
    1909
    1943
    1968
    1988
    2124
    2125
    2107
    2164
    2198
    2272
    2293
    2236
    2389
    2489
    2477
    2463
    2554
    2598
    2634
    2616
    2700
    2700
    2677
    2817
    2812
    2845
    2914
    2951
    2974
    3011
    3081
    3056
    3078
    3066
    3166
    3203
    3123
    3273
    3050
    3242
    3160
    3138
    3220
    3265
    3270
    3233
    3203
    3347
    3219
    3256
    3204
    3206
    3215
    3232
    3157
    3115
    3017
    3141
    3097
    3133
    2959
    2991
    2961
    2953
    2941
    2896
    2768
    2781
    2804
    2712
    2553
    2716
    2545
    2438
    2520
    2466
    2455
    2406
    2306
    2218
    2313
    2220
    2185
    2141
    2021
    2013
    1963
    1975
    1872
    1849
    1864
    1825
    1744
    1606
    1570
    1636
    1555
    1525
    1443
    1456
    1430
    1435
    1366
    1296
    1228
    1293
    1191
    1139
    1125
    1108
    1067
    1011
    1001
    1032
     933
     916
     947
     854
     945
     862
     798
     839
     817
     774
     732
     735
     740
     693
     698
     721
     627
     661
     628
     621
     577
     613
     557
     566
     575
     509
     556
     522
     535
     509
     490
     460
     513
     475
     468
     453
     460
     428
     414
     442
     440
     391
     405
     404
     394
     389
     415
     361
     365
     396
     362
     391
     344
     353
     314
     334
     342
     369
     310
     303
     294
     305
     333
     311
     294
     294
     309
     298
     268
     280
     288
     273
     268
     241
     270
     267
     249
     250
     259
     251
     240
     227
     242
     253
     245
     253
     233
     241
     213
     222
     197
     232
     225
     218
     194
     215
     216
     208
     172
     183
     188
     194
     205
     197
     180
     158
     172
     174
     185
     154
     171
     173
     155
     159
     173
     144
     128
     156
     143
     134
     119
     133
     125
     130
     140
     121
     131
     120
     133
     150
     112
     111
     101
     123
     119
     118
     115
     110
      95
      96
      95
     100
     113
     113
      81
      87
      83
     102
      84
      73
     104
      81
      73
      66
      78
      79
      85
      76
      70
      68
      93
      68
      54
      74
      61
      70
      70
      69
      64
      69
      59
      61
      62
      69
      62
      59
      61
      48
      42
      59
      48
      59
      52
      49
      43
      49
      51
      46
      51
      46
      45
      46
      36
      47
      44
      50
      52
      37
      42
      43
      37
      41
      40
      47
      44
      37
      32
      42
      35
      40
      41
      38
      40
      39
      37
      45
      37
      37
      36
      49
      31
      38
      37
      45
      40
      40
      36
      34
      37
      33
      30
      36
      34
      38
      28
      46
      34
      31
      29
      42
      40
      47
      24
      33
      35
      28
      36
      29
      25
      29
      33
      36
      49
      31
      29
      31
      35
      28
      32
      34
      42
      41
      29
      38
      33
      22
      29
      27
      38
      29
      28
      30
      33
      30
      34
      23
      18
      41
      29
      40
      30
      36
      21
      20
      30
      28
      42
      32
      28
      33
      33
      37
      30
      27
      31
      33
      27
      25
      24
      39
      22
      28
      27
      30
      28
      31
      32
      36
      27
      30
      30
      25
      26
      26
      27
      23
      20
      21
      27
      34
      19
      31
      35
      33
      29
      29
      24
      29
      37
      27
      36
      22
      21
      30
      29
      26
      28
      23
      32
      31
      20
      25
      12
      19
      20
      31
      29
      33
      33
      27
      22
      28
      18
      24
      25
      25
      24
      14
      31
      24
      35
      29
      34
      31
      28
      36
      24
      22
      20
      25
      26
      21
      27
      25
      26
      23
      24
      19
      24
      24
      21
      43
      21
      18
      20
      21
      19
      30
      28
      14
      28
      25
      28
      20
      25
      19
      24
      23
      36
      32
      24
      22
      31
      20
      27
      26
      21
      31
      23
      22
      33
      22
      25
      29
      20
      24
      22
      14
      23
      34
      19
      27
      31
      27
      22
      21
      23
      25
      27
      25
      31
      17
      16
      23
      27
      20
      26
      22
      15
      14
      21
      18
      25
      29
      20
      20
      20
      22
      28
      22
      17
      18
      28
      14
      25
      16
      19
      15
      17
      19
      23
      21
      28
      29
      21
      21
      15
      22
      16
      18
      18
      18
      25
      15
      15
      21
      27
      21
      19
      22
      17
      21
      22
      20
      18
      20
      18
      29
      19
      20
      17
      17
      18
      14
      21
      13
      22
      24
      20
      17
      18
      21
      13
      22
      22
      19
      27
      28
      18
      20
      23
      22
      22
      16
      24
      20
      23
      17
      25
      29
      24
      23
      19
      16
      13
      19
      15
      21
      21
      31
      20
      19
      25
      23
      19
      19
      18
      24
      20
      21
      12
      18
      13
      27
      19
       9
      18
      26
      19
      17
      16
      24
      18
      21
      26
      19
      19
      32
      15
      18
      14
      17
      16
      18
      16
      21
      10
      15
      19
       9
      17
      12
      13
      29
      32
      15
      15
      16
      14
      15
      17
      16
      26
      22
      16
      17
      15
      23
      19
       9
      14
      23
      21
      19
      24
      13
      16
      17
      13
      20
      17
      22
      10
      21
      19
      23
      20
      20
      16
      17
      19
      10
      18
      16
      17
      18
      12
      13
      15
      21
      20
      14
      17
      17
       7
      12
      15
      11
      23
      20
      18
      19
      24
      13
      16
      13
      16
      16
       8
      15
      13
      16
      24
      17
      22
      19
      12
      15
      12
      22
      12
      19
      20
       8
       8
       1
       2
       0
       0
       0
       0
       0
       0
       0
       0
       0
       0
       0
       0
       0
       0
       0
       0
       0
       0
       0
       0
       0
       0
       0
       0
       0
       0
       0
       0
       0
       0
       0
       0
       0
       0
       0
       0
       0
       0
       0
       0
       0
       0
       0
       0
       0
       0
       0
       0
       0
       0
       0
       0
       0
       0
       0
       0
       0
       0
       0
       0
       0
       0
       0
       0
       0
       0
       0
       0
       0
       0
       0
       0
       0
       0
       0
       0
       0
       0
       0
       0
       0
       0
       0
       0
       0
       0
       0
       0
       0
       0
       0
       0
       0
       0
       0
       0
$ROI:
0
$PRESETS:
None
0
0
$ENER_FIT:
0.000000 0.000000
$MCA_CAL:
3
0.000000E+000 0.000000E+000 0.000000E+000 
$SHAPE_CAL:
3
0.000000E+000 0.000000E+000 0.000000E+000
