$SPEC_ID:
trial spectrum
$SPEC_REM:
DET# 1
DETDESC# NS-PC19GDNE Easy-MCA-2k SN 14218179
AP# Maestro Version 7.01
$DATE_MEA:
03/02/2022 12:08:32
$MEAS_TIM:
136 138
$DATA:
0 2047
       0
       0
       0
      11
    2312
    3352
    2439
    1765
    1418
    1227
    1159
    1066
    1014
     993
    1027
    1112
    1095
    1116
    1141
    1177
    1282
    1419
    1613
    1782
    1915
    2032
    1987
    1891
    1801
    1733
    1551
    1475
    1380
    1210
    1167
    1094
    1090
    1043
    1010
    1077
     977
     952
    1049
     993
     978
     894
     993
     913
     959
    1053
     985
    1061
     990
     985
     976
    1023
    1008
    1036
    1055
    1020
    1014
     984
    1026
    1023
    1039
    1006
    1035
    1088
    1084
    1122
    1246
    1199
    1200
    1223
    1246
    1291
    1310
    1298
    1294
    1385
    1439
    1430
    1321
    1350
    1332
    1393
    1375
    1290
    1400
    1366
    1277
    1294
    1334
    1215
    1259
    1289
    1315
    1342
    1266
    1267
    1249
    1284
    1278
    1305
    1268
    1235
    1205
    1239
    1231
    1203
    1193
    1217
    1233
    1142
    1188
    1185
    1190
    1136
    1224
    1197
    1174
    1222
    1086
    1186
    1164
    1149
    1232
    1146
    1137
    1121
    1171
    1130
    1038
    1103
    1126
    1145
    1172
    1100
    1117
    1121
    1101
    1121
    1107
    1140
    1119
    1125
    1059
    1103
    1166
    1102
    1122
    1082
    1098
    1106
    1133
    1143
    1059
    1133
    1120
    1222
    1125
    1091
    1138
    1146
    1065
    1114
    1120
    1126
    1153
    1053
    1158
    1153
    1148
    1190
    1185
    1172
    1144
    1178
    1227
    1229
    1156
    1204
    1151
    1190
    1253
    1246
    1197
    1225
    1289
    1176
    1175
    1181
    1135
    1110
    1180
    1133
    1110
    1110
    1046
    1024
     943
     979
     930
     962
     873
     857
     831
     768
     786
     739
     722
     618
     617
     635
     611
     576
     525
     540
     523
     504
     466
     455
     493
     464
     452
     416
     408
     411
     392
     393
     351
     391
     331
     349
     380
     315
     303
     322
     336
     317
     314
     290
     280
     282
     297
     315
     273
     250
     262
     285
     292
     259
     255
     290
     274
     281
     251
     295
     298
     276
     295
     293
     330
     337
     361
     382
     370
     446
     545
     534
     610
     739
     755
     796
     941
    1171
    1298
    1452
    1533
    1713
    1903
    2168
    2313
    2556
    2676
    2936
    3044
    3261
    3535
    3644
    3874
    3982
    4095
    4116
    4228
    4244
    4251
    4155
    4185
    4071
    3905
    3838
    3638
    3567
    3433
    3178
    2955
    2922
    2646
    2501
    2290
    2089
    1943
    1676
    1589
    1429
    1326
    1288
    1116
    1027
     872
     866
     749
     745
     656
     591
     599
     574
     514
     480
     429
     420
     363
     365
     331
     291
     273
     250
     264
     241
     238
     240
     193
     190
     162
     169
     141
     131
     103
     116
     108
     102
      77
      82
      70
      71
      68
      60
      55
      42
      26
      22
      23
      27
      25
      18
      12
      24
      13
       7
      13
       9
      14
      14
      10
       7
       9
       4
       2
       6
      14
       6
       6
       5
       3
       2
       1
       4
       5
       4
       3
       7
       5
       4
       6
       7
       3
       6
       1
       3
       4
       3
       4
       3
       9
       2
       2
       5
       4
       3
       2
       3
       4
       4
       5
       2
       5
       2
       3
       6
       3
       5
       2
       2
       1
       3
       3
       4
       1
       2
       1
       2
       4
       1
       3
       3
       8
       2
       3
       8
       2
       7
       3
       3
       2
       1
       2
       1
       2
       3
       4
       4
       4
       3
       4
       3
       1
       4
       4
       5
       0
       3
       3
       5
       2
       0
       3
       1
       4
       2
       2
       3
       3
       0
       1
       1
       2
       3
       0
       2
       0
       3
       1
       1
       3
       0
       2
       1
       1
       0
       1
       4
       6
       2
       2
       2
       2
       1
       1
       2
       4
       3
       3
       4
       2
       6
       4
       1
       0
       0
       3
       1
       1
       2
       0
       2
       3
       0
       2
       5
       2
       1
       1
       2
       0
       1
       0
       0
       2
       2
       3
       2
       2
       2
       1
       4
       0
       0
       0
       0
       4
       2
       1
       4
       2
       1
       1
       2
       3
       2
       2
       0
       1
       2
       0
       0
       2
       3
       3
       0
       1
       3
       2
       1
       1
       2
       2
       0
       2
       2
       2
       3
       0
       0
       1
       2
       1
       1
       1
       1
       3
       0
       6
       2
       1
       0
       2
       0
       0
       3
       2
       0
       1
       1
       0
       3
       1
       2
       1
       3
       0
       1
       2
       2
       0
       1
       2
       1
       2
       0
       1
       2
       2
       2
       2
       1
       1
       1
       0
       1
       1
       2
       3
       1
       0
       0
       0
       0
       1
       0
       0
       0
       0
       0
       1
       0
       1
       1
       0
       0
       0
       0
       0
       0
       0
       1
       0
       1
       0
       1
       0
       0
       0
       1
       0
       0
       0
       0
       0
       0
       0
       0
       1
       0
       0
       0
       0
       0
       0
       1
       1
       0
       0
       0
       0
       0
       0
       1
       0
       0
       0
       0
       0
       1
       0
       0
       0
       1
       1
       0
       1
       1
       0
       1
       0
       1
       0
       2
       1
       0
       0
       0
       0
       0
       0
       0
       0
       0
       1
       2
       0
       0
       0
       0
       0
       0
       0
       0
       0
       0
       0
       0
       0
       0
       0
       0
       0
       0
       0
       0
       0
       0
       0
       0
       1
       0
       0
       0
       0
       0
       0
       0
       0
       0
       0
       0
       0
       0
       0
       0
       0
       0
       0
       0
       0
       0
       0
       0
       1
       0
       1
       0
       0
       0
       0
       0
       0
       0
       0
       0
       0
       0
       1
       0
       0
       0
       0
       1
       0
       0
       1
       0
       0
       0
       0
       0
       0
       0
       0
       0
       1
       0
       0
       0
       0
       0
       0
       1
       0
       0
       0
       0
       0
       0
       0
       0
       1
       0
       0
       0
       0
       0
       0
       2
       0
       0
       0
       0
       0
       0
       0
       0
       0
       1
       0
       0
       0
       1
       0
       0
       0
       0
       0
       0
       0
       0
       1
       0
       0
       0
       0
       1
       0
       0
       0
       0
       0
       0
       0
       1
       0
       0
       0
       0
       0
       0
       0
       0
       0
       0
       0
       0
       0
       0
       0
       0
       0
       0
       0
       0
       0
       0
       0
       1
       0
       0
       0
       0
       0
       0
       0
       0
       0
       0
       0
       0
       0
       0
       0
       0
       0
       0
       0
       0
       1
       0
       0
       0
       0
       0
       0
       0
       0
       0
       0
       0
       0
       1
       0
       2
       0
       0
       0
       1
       0
       0
       0
       0
       0
       0
       0
       1
       0
       0
       0
       0
       0
       0
       0
       0
       0
       0
       0
       0
       1
       0
       0
       0
       0
       0
       0
       0
       0
       0
       0
       0
       1
       0
       0
       0
       0
       0
       0
       0
       0
       0
       0
       0
       0
       0
       0
       0
       0
       0
       0
       0
       0
       0
       0
       0
       0
       0
       0
       1
       0
       1
       0
       1
       0
       0
       0
       0
       0
       0
       0
       0
       0
       0
       0
       0
       0
       0
       0
       0
       0
       0
       0
       0
       0
       0
       0
       0
       0
       0
       0
       0
       0
       0
       0
       0
       0
       0
       0
       0
       0
       0
       0
       0
       0
       1
       1
       0
       0
       0
       0
       0
       0
       0
       0
       0
       0
       0
       0
       0
       0
       0
       0
       0
       0
       0
       0
       0
       0
       0
       0
       0
       1
       0
       0
       0
       0
       0
       0
       0
       0
       0
       0
       0
       0
       0
       0
       0
       0
       0
       0
       0
       0
       0
       0
       0
       1
       0
       0
       0
       0
       0
       0
       0
       0
       0
       0
       0
       0
       0
       0
       0
       0
       0
       0
       0
       0
       0
       0
       0
       0
       0
       0
       0
       0
       0
       0
       0
       0
       1
       0
       1
       0
       0
       0
       0
       0
       0
       0
       0
       0
       0
       0
       0
       0
       0
       0
       0
       0
       0
       0
       0
       0
       0
       0
       0
       0
       0
       0
       0
       0
       0
       1
       0
       0
       0
       0
       0
       0
       0
       0
       0
       0
       0
       0
       0
       1
       0
       0
       0
       0
       0
       0
       0
       0
       0
       0
       0
       0
       0
       0
       0
       0
       0
       0
       0
       0
       0
       0
       0
       1
       0
       0
       0
       0
       0
       0
       0
       0
       0
       0
       0
       0
       0
       0
       0
       0
       0
       0
       0
       0
       0
       0
       0
       0
       0
       0
       0
       0
       0
       0
       0
       0
       0
       0
       0
       0
       0
       0
       0
       0
       0
       0
       0
       0
       0
       0
       0
       0
       0
       0
       0
       0
       0
       0
       0
       0
       1
       0
       0
       0
       0
       0
       0
       0
       0
       0
       0
       0
       0
       0
       0
       0
       0
       0
       0
       0
       0
       0
       0
       0
       0
       0
       0
       0
       0
       0
       0
       0
       0
       0
       0
       0
       0
       0
       0
       0
       0
       0
       0
       0
       0
       0
       0
       0
       0
       0
       1
       0
       0
       0
       0
       0
       0
       0
       0
       0
       0
       0
       0
       0
       0
       0
       0
       0
       0
       0
       0
       0
       0
       0
       0
       0
       0
       0
       0
       0
       0
       0
       0
       0
       0
       0
       0
       0
       0
       0
       0
       0
       0
       0
       0
       0
       0
       0
       0
       0
       0
       0
       0
       0
       1
       0
       0
       0
       0
       0
       0
       0
       0
       0
       0
       0
       0
       0
       0
       0
       0
       0
       0
       0
       0
       0
       0
       0
       0
       0
       0
       0
       0
       0
       0
       0
       0
       0
       0
       0
       0
       0
       0
       0
       0
       0
       0
       0
       0
       0
       0
       0
       0
       0
       0
       0
       0
       0
       0
       0
       0
       0
       0
       0
       0
       0
       0
       0
       0
       0
       0
       0
       0
       0
       1
       0
       0
       0
       0
       0
       0
       0
       0
       0
       0
       0
       0
       0
       0
       0
       0
       0
       0
       0
       0
       0
       0
       0
       0
       0
       0
       0
       0
       0
       0
       0
       0
       0
       0
       0
       0
       0
       0
       0
       0
       0
       0
       0
       0
       0
       0
       0
       0
       0
       0
       0
       0
       0
       0
       0
       0
       0
       0
       0
       0
       0
       0
       0
       0
       0
       0
       0
       0
       0
       0
       0
       0
       0
       0
       0
       0
       0
       0
       0
       0
       0
       0
       0
       0
       0
       0
       0
       0
       0
       0
       0
       0
       0
       0
       0
       0
       0
       0
       0
       0
       0
       0
       0
       0
       0
       0
       0
       0
       0
       0
       0
       0
       0
       0
       0
       0
       0
       0
       0
       0
       0
       0
       0
       0
       0
       0
       0
       0
       0
       0
       0
       0
       0
       0
       0
       0
       0
       0
       0
       0
       0
       0
       0
       0
       0
       0
       0
       0
       0
       0
       0
       0
       0
       0
       0
       0
       0
       0
       0
       0
       0
       0
       0
       0
       0
       0
       0
       0
       0
       0
       0
       0
       0
       0
       0
       0
       0
       0
       0
       0
       0
       0
       0
       0
       0
       0
       0
       1
       0
       0
       0
       0
       0
       0
       0
       0
       0
       0
       0
       0
       0
       0
       0
       0
       0
       0
       0
       0
       0
       0
       0
       0
       0
       0
       0
       0
       0
       0
       0
       1
       0
       0
       0
       0
       0
       0
       0
       0
       0
       0
       0
       0
       0
       0
       0
       0
       0
       0
       0
       0
       0
       0
       0
       0
       0
       0
       0
       0
       0
       0
       0
       0
       0
       0
       0
       0
       1
       0
       0
       0
       0
       0
       0
       0
       0
       0
       0
       0
       0
       0
       0
       0
       0
       0
       0
       0
       0
       0
       0
       0
       0
       0
       0
       0
       0
       0
       0
       0
       0
       0
       0
       0
       0
       0
       0
       0
       0
       0
       0
       0
       0
       0
       0
       0
       0
       0
       0
       0
       0
       0
       0
       0
       0
       0
       0
       0
       0
       0
       0
       0
       0
       0
       0
       0
       0
       0
       0
       0
       0
       0
       0
       0
       0
       0
       0
       0
       0
       0
       0
       0
       0
       0
       0
       0
       0
       0
       0
       0
       0
       0
       0
       0
       0
       0
       0
       0
       0
       0
       0
       0
       0
       0
       0
       0
       0
       0
       0
       0
       0
       0
       0
       0
       0
       0
       0
       0
       0
       0
       0
       0
       0
       0
       0
       0
       0
       0
       0
       0
       0
       0
       0
       0
       0
       0
       0
       0
       0
       0
       0
       0
       0
       0
       0
       0
       0
       0
       0
       0
       0
       0
       0
       0
       0
       0
       0
       0
       0
       0
       0
       0
       0
       0
       0
       0
       0
       0
       0
       0
       0
       0
       0
       0
       0
       1
       0
       0
       0
       0
       0
       0
       0
       0
       0
       0
       0
       0
       0
       0
       0
       0
       0
       0
       0
       0
       0
       0
       0
       0
       0
       0
       0
       0
       0
       0
       0
       0
       0
       0
       0
       0
       0
       0
       0
       0
       0
       0
       0
       0
       0
       0
       0
       0
       0
       0
       0
       0
       0
       0
       0
       0
       0
       0
       0
       0
       0
       0
       0
       0
       0
       0
       0
       0
       0
       0
       0
       0
       0
       0
       0
       0
       0
       0
       0
       0
       0
       0
       0
       0
       0
       0
       0
       0
       0
       0
       0
       0
       0
       0
       0
       0
       0
       0
       0
       0
       0
       0
       0
       0
       0
       0
       0
       0
       0
       0
       0
       0
       0
       0
       0
       0
       0
       0
       0
       0
       0
       0
       0
       0
       0
       0
       0
       0
       0
       0
       0
       0
       0
       0
       0
       0
       0
       0
       0
       0
       0
       0
       0
       0
       0
       0
       0
       0
       0
       0
       0
       0
       0
       0
       0
       0
       0
       0
       0
       0
       0
       0
       0
       0
       0
       0
       0
       0
       0
       0
       0
       0
       0
       0
       0
       0
       0
       0
       0
       0
       0
       0
       0
       0
       0
       0
       0
       0
       0
       0
       0
       0
       0
       0
       0
       0
       0
       0
       0
       0
       0
       0
       0
       0
       0
       0
       0
       0
$ROI:
0
$PRESETS:
None
0
0
$ENER_FIT:
0.000000 0.000000
$MCA_CAL:
3
0.000000E+000 0.000000E+000 0.000000E+000 
$SHAPE_CAL:
3
0.000000E+000 0.000000E+000 0.000000E+000
