$SPEC_ID:
trial spectrum
$SPEC_REM:
DET# 1
DETDESC# NS-PC19GDNE Easy-MCA-2k SN 14218179
AP# Maestro Version 7.01
$DATE_MEA:
03/02/2022 10:31:03
$MEAS_TIM:
285 289
$DATA:
0 2047
       0
       0
      11
     354
    1650
    1909
    2015
    2033
    2064
    2025
    1956
    1986
    1968
    2029
    2158
    2152
    2341
    2462
    2656
    2928
    3151
    3300
    3307
    3307
    3262
    2887
    2501
    2257
    2070
    1736
    1587
    1483
    1410
    1234
    1247
    1171
    1225
    1186
    1207
    1182
    1206
    1235
    1202
    1239
    1299
    1318
    1332
    1383
    1443
    1404
    1395
    1451
    1471
    1436
    1501
    1496
    1535
    1564
    1599
    1560
    1678
    1593
    1609
    1729
    1692
    1724
    1727
    1747
    1658
    1715
    1610
    1608
    1588
    1573
    1504
    1418
    1473
    1410
    1374
    1288
    1238
    1263
    1184
    1165
    1162
    1148
    1119
    1081
    1016
    1081
    1009
    1015
    1052
    1006
    1017
     963
    1049
     924
    1002
     971
     999
    1051
    1048
     961
    1023
     982
    1014
     984
    1046
    1063
     980
    1022
    1101
     958
    1009
     965
    1030
    1046
    1067
    1004
    1031
    1033
    1009
    1041
     997
    1017
    1015
    1004
    1126
    1033
    1081
    1074
    1068
    1081
     996
    1062
    1026
    1054
    1036
    1124
    1070
    1065
    1014
    1082
    1078
    1133
    1100
    1121
    1111
    1147
    1194
    1159
    1185
    1268
    1232
    1189
    1225
    1238
    1205
    1217
    1265
    1255
    1187
    1323
    1352
    1318
    1331
    1319
    1339
    1355
    1340
    1290
    1347
    1346
    1426
    1331
    1340
    1397
    1303
    1372
    1356
    1401
    1358
    1363
    1371
    1353
    1346
    1362
    1359
    1388
    1298
    1336
    1324
    1310
    1361
    1319
    1325
    1352
    1348
    1344
    1316
    1357
    1267
    1301
    1290
    1316
    1321
    1296
    1304
    1359
    1219
    1334
    1300
    1254
    1280
    1267
    1308
    1270
    1251
    1260
    1264
    1266
    1219
    1311
    1267
    1296
    1291
    1269
    1285
    1227
    1274
    1211
    1223
    1254
    1212
    1154
    1264
    1225
    1205
    1199
    1204
    1221
    1218
    1218
    1185
    1182
    1232
    1156
    1206
    1205
    1178
    1250
    1164
    1240
    1221
    1194
    1244
    1212
    1202
    1145
    1165
    1133
    1094
    1194
    1162
    1215
    1161
    1150
    1171
    1123
    1161
    1213
    1171
    1138
    1210
    1123
    1175
    1227
    1135
    1163
    1129
    1126
    1137
    1165
    1132
    1116
    1164
    1143
    1111
    1108
    1207
    1163
    1182
    1186
    1169
    1168
    1152
    1146
    1164
    1130
    1144
    1167
    1103
    1117
    1178
    1117
    1141
    1124
    1173
    1176
    1099
    1133
    1181
    1135
    1202
    1140
    1120
    1106
    1137
    1162
    1135
    1153
    1152
    1125
    1133
    1137
    1154
    1140
    1177
    1123
    1172
    1126
    1168
    1192
    1115
    1105
    1184
    1215
    1138
    1181
    1108
    1168
    1140
    1167
    1151
    1161
    1172
    1186
    1146
    1129
    1175
    1173
    1153
    1148
    1202
    1152
    1178
    1171
    1162
    1170
    1225
    1143
    1189
    1238
    1184
    1175
    1140
    1176
    1153
    1262
    1210
    1213
    1132
    1203
    1232
    1252
    1169
    1206
    1208
    1288
    1210
    1209
    1220
    1197
    1188
    1237
    1176
    1132
    1239
    1183
    1273
    1209
    1209
    1161
    1138
    1224
    1185
    1136
    1242
    1142
    1156
    1202
    1165
    1132
    1132
    1077
    1159
    1099
    1092
    1097
    1095
    1064
    1097
    1087
    1045
     991
    1044
     983
    1047
    1039
     972
     951
     975
     956
     952
     897
     866
     869
     905
     820
     814
     794
     798
     755
     783
     778
     744
     740
     753
     700
     691
     650
     694
     644
     624
     655
     606
     656
     571
     605
     589
     603
     572
     510
     521
     548
     533
     540
     491
     491
     506
     477
     453
     483
     445
     477
     432
     457
     428
     428
     450
     415
     407
     429
     423
     397
     435
     347
     385
     420
     415
     392
     397
     358
     376
     375
     343
     350
     356
     318
     333
     385
     298
     317
     352
     308
     348
     324
     332
     318
     306
     334
     315
     325
     315
     290
     326
     312
     306
     263
     296
     279
     266
     272
     289
     273
     277
     300
     274
     282
     281
     278
     255
     282
     312
     277
     276
     264
     282
     285
     276
     263
     296
     287
     303
     304
     299
     294
     299
     314
     321
     321
     320
     326
     345
     360
     375
     394
     429
     438
     395
     457
     479
     503
     541
     507
     558
     663
     602
     664
     683
     748
     745
     798
     838
     916
     960
     941
    1004
    1145
    1190
    1257
    1292
    1337
    1437
    1475
    1528
    1625
    1703
    1848
    1836
    1950
    1966
    2165
    2212
    2297
    2348
    2420
    2525
    2717
    2809
    2774
    2975
    2951
    3072
    3294
    3262
    3298
    3475
    3484
    3633
    3680
    3768
    3712
    3751
    3891
    3901
    3972
    3901
    4021
    3947
    4040
    4041
    4096
    4028
    4147
    4077
    4065
    4037
    3974
    4070
    3986
    3855
    3735
    3906
    3789
    3711
    3643
    3612
    3457
    3300
    3382
    3271
    3240
    3138
    3139
    2904
    2843
    2771
    2680
    2576
    2574
    2457
    2279
    2353
    2251
    2188
    2052
    1942
    1899
    1829
    1712
    1619
    1647
    1544
    1413
    1430
    1341
    1228
    1236
    1197
    1134
    1104
    1093
     980
     936
     949
     890
     839
     844
     799
     753
     723
     682
     650
     708
     630
     651
     577
     502
     529
     483
     506
     500
     444
     469
     438
     410
     406
     446
     376
     385
     367
     336
     337
     339
     308
     336
     315
     287
     295
     247
     239
     263
     255
     229
     219
     228
     194
     203
     187
     189
     212
     191
     157
     184
     170
     163
     157
     134
     127
     118
     110
     109
     118
     116
     140
     104
     101
      88
      96
      84
      97
      95
      67
      70
      71
      53
      53
      59
      51
      59
      56
      45
      44
      42
      44
      37
      31
      32
      27
      29
      31
      27
      28
      25
      27
      18
      22
      16
      19
      12
      17
      17
      12
      13
      14
      10
      12
      15
      12
       7
      10
       9
      12
      10
      10
      13
       8
       2
       6
       9
       5
       6
       8
       6
       6
      10
       9
       4
       7
       6
       5
       9
       2
       5
       7
      11
       8
       0
       4
       5
       6
       6
       5
       4
       5
       5
       4
       2
       5
       7
       4
       7
       4
       5
       6
       4
       8
       7
       8
       7
       7
       5
       2
       5
       4
       4
       3
       5
       3
       6
       4
       6
       3
       5
       9
       4
       5
       2
       4
       4
       6
       5
       3
       8
       2
       3
       4
       2
       2
       3
       6
       4
       7
       5
       2
       1
       0
       6
       4
       3
       2
       1
       8
       4
       1
       0
       3
       2
       7
       5
       8
       3
       4
       3
       4
       3
       4
       5
       1
       4
       4
       1
       4
       7
       2
       4
       3
       7
       4
       6
       3
       2
       5
       3
       4
       3
       6
       5
       5
       6
       2
       3
       4
       1
       5
       5
       4
       2
       6
       5
       6
       4
       0
       4
       6
       5
       2
       1
       1
       1
       4
       2
       3
       0
       5
       3
       3
       2
       2
       3
       7
       3
       1
       2
       0
       3
       2
       4
       4
       3
       1
       2
       0
       3
       0
       3
       1
       1
       8
       2
       3
       2
       5
       3
       2
       1
       1
       5
       2
       6
       4
       4
       1
       2
       3
       1
       3
       1
       2
       2
       2
       3
       0
       5
       2
       0
       1
       0
       3
       5
       3
       5
       2
       2
       3
       2
       3
       5
       3
       2
       2
       3
       0
       1
       1
       2
       3
       2
       2
       1
       3
       3
       4
       4
       5
       1
       3
       3
       2
       2
       3
       6
       0
       3
       2
       4
       1
       4
       3
       1
       1
       3
       0
       4
       4
       5
       2
       0
       4
       1
       3
       3
       2
       2
       3
       2
       1
       5
       1
       1
       3
       5
       0
       4
       1
       4
       1
       2
       2
       0
       1
       5
       1
       1
       1
       2
       0
       1
       1
       3
       1
       0
       4
       0
       3
       2
       0
       1
       2
       1
       2
       2
       1
       1
       1
       3
       0
       2
       1
       1
       2
       3
       3
       1
       1
       2
       1
       3
       2
       1
       0
       2
       1
       2
       1
       0
       1
       1
       1
       1
       1
       2
       2
       1
       2
       1
       1
       0
       1
       0
       3
       3
       2
       0
       2
       2
       0
       0
       3
       2
       3
       1
       1
       2
       1
       2
       0
       0
       2
       4
       1
       1
       3
       0
       1
       4
       1
       0
       0
       1
       3
       1
       1
       2
       1
       3
       1
       1
       0
       2
       0
       0
       1
       0
       2
       2
       2
       1
       1
       2
       1
       1
       1
       7
       1
       0
       0
       2
       1
       1
       2
       2
       1
       2
       2
       1
       2
       1
       2
       1
       1
       0
       4
       3
       0
       1
       3
       2
       0
       1
       1
       1
       0
       0
       1
       3
       1
       1
       0
       3
       3
       2
       0
       1
       2
       1
       1
       1
       3
       1
       1
       1
       2
       3
       1
       2
       0
       0
       3
       3
       0
       4
       1
       1
       2
       2
       1
       2
       4
       2
       1
       2
       1
       0
       0
       3
       2
       0
       0
       2
       2
       0
       4
       3
       2
       1
       0
       1
       0
       1
       0
       1
       2
       0
       5
       3
       0
       0
       2
       0
       1
       0
       1
       1
       0
       0
       1
       1
       1
       0
       1
       0
       1
       0
       2
       2
       2
       1
       1
       0
       0
       1
       1
       0
       2
       0
       1
       0
       2
       1
       0
       2
       0
       0
       1
       1
       1
       1
       0
       2
       0
       0
       1
       0
       1
       0
       1
       1
       1
       1
       0
       0
       1
       0
       0
       1
       0
       0
       3
       0
       0
       1
       1
       0
       0
       0
       0
       2
       0
       0
       0
       0
       0
       1
       1
       0
       0
       0
       0
       0
       0
       0
       1
       0
       1
       0
       1
       0
       2
       4
       1
       0
       2
       0
       0
       0
       1
       0
       1
       2
       0
       1
       0
       1
       2
       0
       0
       0
       1
       1
       0
       0
       1
       0
       0
       1
       2
       1
       1
       0
       0
       1
       0
       0
       1
       0
       0
       1
       0
       1
       0
       0
       1
       0
       1
       3
       0
       0
       0
       2
       1
       0
       1
       0
       0
       0
       0
       0
       0
       0
       0
       0
       1
       0
       0
       0
       1
       0
       0
       0
       0
       0
       0
       1
       0
       1
       0
       0
       0
       0
       1
       0
       0
       1
       1
       0
       0
       0
       0
       0
       0
       0
       0
       0
       1
       0
       0
       0
       0
       0
       2
       1
       1
       0
       0
       0
       0
       0
       1
       0
       0
       1
       0
       0
       1
       0
       1
       0
       0
       0
       0
       0
       2
       0
       0
       0
       0
       0
       0
       0
       0
       0
       0
       1
       1
       0
       0
       0
       0
       0
       0
       0
       1
       0
       0
       1
       0
       0
       1
       0
       0
       0
       0
       0
       0
       0
       0
       0
       0
       0
       0
       0
       2
       1
       0
       0
       0
       0
       0
       0
       0
       0
       0
       0
       0
       0
       0
       0
       0
       0
       0
       0
       0
       1
       0
       0
       0
       0
       0
       0
       0
       0
       0
       0
       0
       0
       0
       0
       0
       0
       0
       0
       0
       0
       0
       0
       0
       0
       0
       0
       0
       0
       0
       1
       0
       0
       1
       1
       0
       1
       0
       0
       0
       0
       0
       0
       0
       0
       0
       0
       0
       0
       0
       0
       0
       0
       0
       0
       0
       0
       0
       0
       0
       0
       0
       0
       0
       0
       0
       0
       0
       0
       0
       0
       0
       0
       0
       0
       0
       0
       0
       0
       0
       0
       0
       0
       0
       1
       0
       0
       0
       0
       0
       0
       0
       0
       0
       0
       0
       0
       1
       0
       0
       0
       0
       0
       0
       0
       0
       0
       0
       0
       0
       0
       0
       0
       0
       0
       0
       0
       0
       0
       0
       0
       0
       0
       0
       0
       0
       0
       0
       0
       0
       0
       1
       1
       0
       0
       0
       0
       0
       0
       0
       0
       0
       0
       1
       0
       0
       0
       0
       0
       1
       0
       0
       0
       0
       0
       0
       0
       0
       0
       0
       0
       0
       0
       0
       0
       0
       0
       0
       0
       0
       0
       0
       0
       0
       0
       0
       0
       0
       0
       0
       0
       0
       0
       0
       0
       0
       0
       0
       2
       0
       0
       0
       0
       0
       0
       0
       0
       0
       0
       0
       0
       0
       0
       0
       0
       0
       0
       0
       0
       0
       0
       0
       0
       0
       1
       0
       0
       1
       0
       0
       0
       0
       0
       0
       0
       1
       0
       0
       0
       0
       1
       0
       0
       0
       0
       0
       0
       0
       0
       1
       0
       0
       1
       0
       0
       0
       0
       0
       0
       0
       0
       0
       0
       0
       1
       0
       1
       0
       0
       0
       0
       0
       0
       0
       1
       0
       0
       0
       0
       2
       0
       0
       1
       0
       0
       0
       0
       0
       0
       0
       0
       0
       0
       0
       0
       0
       1
       0
       0
       0
       0
       0
       0
       0
       0
       0
       0
       0
       0
       0
       0
       0
       0
       0
       0
       0
       0
       0
       0
       0
       0
       0
       0
       0
       0
       0
       0
       0
       0
       0
       0
       0
       1
       0
       0
       0
       0
       0
       0
       0
       0
       0
       0
       0
       0
       0
       0
       0
       0
       0
       0
       0
       0
       1
       0
       0
       0
       1
       0
       0
       0
       0
       0
       1
       0
       0
       0
       0
       0
       0
       0
       0
       0
       0
       0
       1
       0
       1
       0
       0
       0
       0
       0
       0
       0
       0
       0
       0
       0
       0
       0
       0
       0
       0
       2
       1
       0
       0
       0
       0
       1
       1
       0
       0
       0
       0
       0
       0
       0
       0
       1
       0
       0
       0
       0
       0
       0
       0
       0
       1
       0
       0
       0
       0
       0
       0
       0
       0
       0
       0
       0
       0
       0
       0
       0
       0
       0
       0
       0
       0
       0
       0
       0
       0
       0
       0
       0
       0
       0
       0
       0
       0
       0
       0
       0
       0
       0
       0
       0
       0
       0
       0
       0
       0
       0
       0
       0
       0
       0
       0
       0
       0
       0
       0
       0
       0
       0
       0
       0
       0
       0
       0
       0
       0
       0
       0
       0
       0
       0
       0
       0
       0
       0
       0
       0
       0
       0
       0
       0
       0
       0
       0
       0
       0
       0
       0
       0
       0
       0
       0
       0
       0
       0
       0
       0
       0
       0
       0
       0
       0
       0
       0
       0
$ROI:
3
509 696
813 870
906 1011
$PRESETS:
None
0
0
$ENER_FIT:
0.000000 0.000000
$MCA_CAL:
3
0.000000E+000 0.000000E+000 0.000000E+000 
$SHAPE_CAL:
3
0.000000E+000 0.000000E+000 0.000000E+000
