$SPEC_ID:
trial spectrum
$SPEC_REM:
DET# 1
DETDESC# NS-PC19GDNE Easy-MCA-2k SN 14218179
AP# Maestro Version 7.01
$DATE_MEA:
03/02/2022 12:29:12
$MEAS_TIM:
507 515
$DATA:
0 2047
       0
       0
      21
      80
     744
     964
     903
     929
     833
     855
     841
     841
     860
     849
     851
     918
     916
     857
     905
     916
     899
     980
    1018
    1084
    1138
    1187
    1258
    1376
    1393
    1462
    1601
    1695
    1936
    2108
    2168
    2415
    2511
    2780
    2990
    3169
    3291
    3377
    3744
    3824
    4013
    4209
    4270
    4303
    4420
    4368
    4238
    4169
    3966
    3751
    3593
    3369
    3070
    2894
    2677
    2541
    2306
    2121
    1921
    1782
    1679
    1479
    1455
    1324
    1288
    1227
    1234
    1217
    1163
    1128
    1111
    1067
    1011
    1060
    1063
    1063
    1078
    1007
    1106
    1051
    1063
    1021
    1051
    1003
    1011
    1006
    1082
    1004
    1020
    1040
    1023
     980
    1050
    1098
    1024
    1121
    1065
    1079
    1084
    1158
    1119
    1155
    1134
    1170
    1202
    1193
    1206
    1299
    1268
    1339
    1334
    1376
    1376
    1481
    1467
    1597
    1541
    1610
    1643
    1700
    1727
    1719
    1786
    1755
    1840
    1870
    1774
    1822
    1934
    1815
    1840
    1832
    1891
    1799
    1791
    1818
    1766
    1740
    1722
    1708
    1733
    1669
    1594
    1616
    1550
    1508
    1551
    1441
    1435
    1374
    1410
    1324
    1406
    1344
    1345
    1284
    1275
    1205
    1268
    1106
    1181
    1201
    1178
    1127
    1107
    1025
    1066
    1034
    1121
    1079
     985
    1066
    1032
    1004
     978
     958
     971
     965
     959
     927
     953
     953
     988
     988
     960
     938
     963
     900
     953
     972
     919
    1009
     955
     922
     960
     975
     926
     977
     949
     960
     953
     987
     954
     935
     974
     944
    1044
     919
     946
     959
     958
     938
     921
     935
    1005
     973
     977
     986
     969
     973
     916
     944
     968
     982
     985
     975
     980
     984
     933
     995
     954
     971
     939
    1003
     890
     989
     976
     932
     953
     997
    1030
    1016
    1029
     992
     981
     955
    1015
    1035
    1001
     987
     983
     973
     977
    1007
     957
     961
     979
    1024
     984
     937
     948
     978
    1002
     980
     952
    1000
    1018
     963
    1036
    1045
     989
    1005
    1006
     983
    1066
     991
     970
     999
    1003
     971
    1061
     985
    1034
     973
    1020
    1034
    1000
    1066
    1025
    1027
     987
    1111
    1020
    1040
    1044
    1064
    1083
    1027
    1103
    1105
    1087
    1106
    1078
    1093
    1109
    1121
    1090
    1118
    1157
    1161
    1101
    1151
    1157
    1195
    1208
    1219
    1184
    1292
    1210
    1154
    1274
    1175
    1239
    1276
    1228
    1200
    1364
    1346
    1374
    1276
    1374
    1309
    1344
    1326
    1313
    1278
    1320
    1297
    1304
    1287
    1332
    1362
    1387
    1257
    1358
    1317
    1361
    1310
    1338
    1427
    1386
    1362
    1347
    1418
    1365
    1338
    1296
    1336
    1309
    1290
    1235
    1317
    1301
    1364
    1262
    1282
    1302
    1267
    1341
    1304
    1256
    1270
    1358
    1273
    1208
    1240
    1260
    1253
    1267
    1228
    1259
    1180
    1210
    1224
    1260
    1221
    1305
    1246
    1319
    1260
    1284
    1211
    1194
    1242
    1306
    1232
    1245
    1236
    1256
    1252
    1252
    1185
    1204
    1250
    1220
    1250
    1221
    1206
    1137
    1194
    1287
    1210
    1240
    1192
    1223
    1194
    1191
    1215
    1204
    1147
    1161
    1262
    1255
    1159
    1182
    1212
    1217
    1146
    1097
    1264
    1243
    1221
    1172
    1210
    1177
    1202
    1220
    1249
    1184
    1154
    1160
    1191
    1166
    1177
    1195
    1181
    1180
    1155
    1145
    1175
    1142
    1197
    1186
    1161
    1169
    1099
    1180
    1159
    1153
    1150
    1194
    1126
    1194
    1163
    1181
    1155
    1165
    1143
    1155
    1153
    1063
    1070
    1127
    1136
    1120
    1154
    1098
    1152
    1134
    1150
    1166
    1203
    1160
    1135
    1160
    1153
    1082
    1064
    1102
    1163
    1130
    1133
    1157
    1126
    1116
    1106
    1122
    1132
    1102
    1098
    1119
    1095
    1124
    1085
    1164
    1110
    1114
    1141
    1050
    1145
    1071
    1038
    1126
    1111
    1070
    1106
    1134
    1111
    1138
    1072
    1090
    1145
    1173
    1140
    1048
    1103
    1073
    1117
    1089
    1145
    1107
    1116
    1114
    1111
    1036
    1156
    1077
    1090
    1147
    1113
    1051
    1095
    1089
    1058
    1063
    1042
    1142
    1085
    1063
    1125
    1090
    1032
    1081
    1103
    1049
    1102
    1092
    1074
    1089
    1095
    1122
    1084
    1050
    1048
    1118
    1088
    1059
    1070
    1010
    1035
    1071
    1145
    1057
    1071
    1066
    1092
    1088
    1084
    1029
    1073
    1120
    1045
    1069
    1081
    1107
    1012
    1090
    1110
    1114
    1123
    1083
    1109
    1080
    1081
    1034
    1069
    1121
    1038
    1067
    1075
    1088
    1057
    1052
    1124
    1079
    1053
    1071
    1068
    1057
    1090
    1142
    1064
    1052
    1086
    1065
    1023
    1070
    1011
    1080
    1081
    1111
    1099
    1068
    1069
    1086
    1087
    1043
    1066
    1077
    1031
    1071
    1063
    1085
    1084
    1091
    1090
    1081
    1072
    1075
    1109
    1108
    1088
    1124
    1095
    1108
    1142
    1094
    1074
    1060
    1143
    1059
    1115
    1066
    1083
    1016
    1132
    1116
    1057
    1124
    1137
    1091
    1092
    1099
    1115
    1117
    1088
    1083
    1106
    1080
    1098
    1121
    1121
    1122
    1070
    1186
    1030
    1073
    1109
    1116
    1112
    1120
    1105
    1063
    1124
    1120
    1083
    1109
    1165
    1036
    1097
    1141
    1082
    1068
    1160
    1087
    1104
    1087
    1132
    1195
    1148
    1153
    1089
    1088
    1095
    1147
    1136
    1123
    1225
    1135
    1091
    1127
    1151
    1160
    1134
    1183
    1141
    1153
    1154
    1130
    1086
    1132
    1166
    1143
    1171
    1161
    1124
    1180
    1163
    1163
    1165
    1131
    1206
    1174
    1200
    1203
    1146
    1111
    1196
    1175
    1153
    1174
    1124
    1155
    1129
    1175
    1193
    1181
    1192
    1160
    1153
    1131
    1156
    1159
    1143
    1176
    1136
    1140
    1137
    1129
    1133
    1180
    1160
    1161
    1103
    1187
    1140
    1116
    1144
    1106
    1144
    1089
    1117
    1144
    1130
    1109
    1153
    1076
    1093
    1114
    1020
    1086
    1042
    1070
    1049
    1079
    1069
    1107
    1026
    1056
    1062
    1015
    1027
     976
    1031
    1020
     989
     989
    1005
     966
    1017
     983
     973
     936
     904
     948
     960
     924
     947
     942
     824
     932
     835
     834
     882
     817
     892
     800
     828
     803
     842
     810
     836
     811
     784
     824
     789
     771
     747
     732
     745
     754
     680
     721
     721
     764
     703
     630
     647
     645
     706
     625
     666
     633
     659
     657
     644
     593
     600
     632
     605
     625
     583
     560
     588
     584
     544
     551
     519
     564
     524
     517
     534
     561
     535
     566
     497
     480
     524
     458
     480
     487
     507
     500
     491
     483
     452
     440
     447
     456
     443
     499
     459
     459
     450
     456
     472
     450
     458
     428
     448
     433
     425
     383
     413
     423
     404
     410
     470
     404
     415
     404
     403
     383
     407
     377
     422
     376
     392
     351
     395
     382
     389
     375
     358
     374
     374
     362
     352
     380
     332
     369
     339
     348
     344
     360
     351
     345
     348
     363
     310
     340
     313
     311
     299
     303
     340
     304
     334
     311
     335
     336
     311
     330
     317
     310
     298
     328
     332
     298
     318
     318
     332
     269
     286
     305
     310
     295
     325
     302
     254
     280
     283
     284
     284
     283
     291
     288
     282
     263
     311
     274
     287
     255
     255
     284
     276
     297
     256
     287
     304
     279
     275
     233
     265
     279
     279
     274
     276
     312
     276
     258
     275
     276
     259
     246
     258
     236
     255
     300
     263
     287
     243
     285
     286
     265
     234
     274
     250
     251
     256
     261
     250
     258
     278
     282
     251
     260
     243
     250
     268
     265
     295
     281
     287
     260
     267
     264
     280
     263
     237
     292
     288
     340
     320
     294
     314
     312
     329
     290
     328
     299
     361
     333
     320
     305
     384
     343
     347
     381
     350
     359
     357
     403
     425
     427
     415
     434
     454
     508
     468
     464
     500
     489
     547
     545
     610
     579
     597
     612
     629
     637
     664
     685
     726
     745
     737
     763
     826
     805
     810
     785
     839
     878
     975
     953
    1017
    1007
    1029
    1073
    1043
    1100
    1200
    1160
    1231
    1264
    1345
    1361
    1451
    1540
    1577
    1558
    1531
    1647
    1688
    1689
    1831
    1850
    1888
    1895
    1943
    2003
    2018
    2037
    2141
    2215
    2152
    2209
    2392
    2424
    2397
    2533
    2518
    2712
    2633
    2584
    2704
    2874
    2828
    2790
    2847
    2997
    2959
    3062
    3134
    3101
    3314
    3297
    3306
    3338
    3429
    3511
    3420
    3559
    3529
    3535
    3593
    3716
    3758
    3718
    3746
    3823
    3742
    3835
    3889
    3909
    3908
    4022
    3960
    3991
    4017
    4051
    4049
    4105
    4121
    4046
    4062
    4026
    4001
    4042
    4068
    3948
    4006
    3976
    4001
    4089
    3993
    3951
    3997
    3894
    3930
    3836
    3855
    3923
    3918
    3833
    3827
    3801
    3669
    3698
    3581
    3667
    3520
    3580
    3520
    3540
    3428
    3505
    3327
    3364
    3210
    3267
    3180
    3214
    3121
    3011
    3003
    2892
    3042
    2926
    2847
    2776
    2754
    2686
    2714
    2630
    2648
    2482
    2435
    2399
    2359
    2316
    2277
    2230
    2201
    2111
    2106
    2046
    1925
    1936
    1912
    1902
    1889
    1958
    1734
    1720
    1712
    1570
    1622
    1511
    1502
    1478
    1487
    1374
    1385
    1360
    1346
    1346
    1290
    1195
    1246
    1301
    1151
    1100
    1087
    1146
    1066
    1054
     970
    1001
     985
     926
     927
     856
     880
     890
     864
     855
     805
     772
     703
     733
     729
     712
     651
     662
     647
     648
     626
     634
     632
     630
     613
     552
     542
     594
     572
     585
     501
     532
     515
     498
     496
     478
     458
     487
     436
     467
     427
     463
     449
     453
     443
     414
     396
     429
     387
     399
     383
     352
     379
     384
     330
     352
     335
     331
     327
     359
     347
     340
     298
     280
     310
     285
     308
     294
     279
     305
     257
     276
     257
     253
     269
     250
     262
     247
     224
     203
     228
     198
     222
     222
     230
     204
     208
     205
     194
     194
     216
     173
     208
     193
     174
     182
     180
     169
     157
     161
     150
     161
     162
     157
     149
     139
     148
     134
     130
     148
     137
     129
     126
     116
     130
     124
     121
     116
      91
     107
      98
      97
      87
      94
      96
      96
      87
      95
      73
      83
      84
      89
      88
      55
      64
      57
      82
      70
      78
      51
      42
      75
      67
      61
      49
      47
      48
      49
      39
      56
      57
      46
      41
      48
      44
      42
      51
      50
      41
      24
      44
      39
      48
      42
      38
      24
      16
      28
      23
      17
      29
      26
      20
      17
      27
      21
      18
      25
      19
      17
      13
      18
      18
      27
       7
      17
      21
      14
      17
      13
      11
      15
      12
       9
      15
      13
       9
      17
      12
      10
       8
      10
      13
       5
       9
       9
       8
      13
       7
       4
       8
       7
       6
       5
       7
       6
       4
       9
      11
       7
       7
       7
      10
       4
       5
       9
       4
      10
       3
       3
       7
       9
       6
      11
       9
       4
       3
       6
       5
       4
       7
       5
       8
       5
       7
       7
       1
       3
       5
       7
       2
      10
       7
       4
       9
       4
       4
       3
       9
       5
       4
       3
       5
       4
       3
       5
       3
       6
       7
       5
       3
       6
       1
       2
       3
       5
       3
       7
       5
       6
       6
       7
       1
       3
       5
       3
       3
       5
       2
       5
       3
       4
       2
       4
       4
       4
       7
       7
       4
       6
       5
       1
       4
       2
       4
       6
       1
       5
       2
       4
       5
       4
       7
       5
       2
       4
       2
       4
       0
       4
       5
       2
       4
       4
       3
       2
       7
       3
       7
       6
       7
       8
       7
       3
       2
       5
       2
       5
       4
       3
       5
       7
       2
       2
       1
       3
       4
       3
       6
       4
       3
       4
       1
       2
       5
       0
       4
       8
       4
       2
       3
       2
       6
       2
       3
       4
       3
       5
       5
       2
       4
       2
       4
       3
       5
       7
       5
       2
       5
       2
       4
       3
       3
       7
       2
       4
       7
       3
       2
       3
       9
       4
       3
       6
       3
       4
       3
       3
       4
       3
       4
       5
       4
       4
       3
       4
       5
       2
       2
       5
       1
       1
       3
       4
       3
       4
       2
       2
       5
       5
       4
       2
       4
       1
       1
       1
       3
       4
       3
       3
       4
       4
       4
       4
       6
       4
       1
       2
       6
       3
       7
       2
       4
       3
       6
       2
       4
       1
       4
       3
       2
       3
       3
       2
       4
       6
       1
       4
       6
       2
       0
       2
       4
       5
       5
       1
       6
       7
       0
       4
       7
       1
       2
       5
       4
       0
       3
       4
       0
       2
       2
       2
       2
       1
       2
       6
       3
       2
       3
       3
       1
       8
       5
       2
       3
       5
       2
       5
       2
       2
       3
       1
       1
       3
       4
       2
       0
       1
       3
       5
       5
       3
       3
       4
       0
       1
       1
       0
       2
       7
       1
       3
       1
       4
       2
       1
       3
       5
       8
       1
       2
       4
       2
       2
       1
       2
       2
       3
       2
       2
       4
       3
       3
       2
       0
       1
       3
       2
       3
       3
       4
       1
       4
       3
       4
       3
       2
       3
       3
       1
       0
       3
       3
       2
       1
       3
       3
       2
       3
       3
       3
       6
       3
       3
       3
       2
       4
       2
       2
       5
       3
       0
       2
       1
       0
       2
       6
       5
       1
       0
       4
       3
       3
       6
       2
       1
       2
       1
       4
       4
       1
       4
       1
       2
       5
       1
       5
       3
       4
       3
       2
       3
       2
       6
       2
       3
       6
       5
       2
       3
       4
       3
       2
       1
       2
       3
       5
       2
       1
       5
       1
       5
       1
       2
       3
       2
       4
       4
       1
       3
       7
       3
       3
       1
       3
       2
       3
       2
       3
       5
       1
       4
       4
       0
       3
       1
       4
       3
       3
       4
       2
       4
       2
       2
       2
       2
       1
       1
       2
       0
       0
       3
       3
       2
       1
       2
       6
       2
       1
       3
       7
       2
       1
       4
       2
       2
       2
       3
       1
       1
       0
       0
       1
       0
       1
       0
       0
       1
       1
       0
       0
       1
       1
       0
       0
       0
       0
       0
       0
       0
       0
       0
       0
       0
       0
       0
       0
       0
       0
       0
       0
       0
       0
       0
       0
       0
       0
       0
       0
       0
       0
       0
       0
       0
       0
       0
       0
       0
       0
       0
       0
       0
       0
       0
       0
       0
       0
       0
       0
       0
       0
       0
       0
       0
       0
       0
       0
       0
       0
       0
       0
       0
       0
       0
       0
       0
       0
       0
       0
       0
       0
       0
       0
       0
       0
       0
       0
       0
       0
       0
       0
       0
       0
       0
       0
       0
       0
$ROI:
1
1058 1302
$PRESETS:
None
0
0
$ENER_FIT:
0.000000 0.000000
$MCA_CAL:
3
0.000000E+000 0.000000E+000 0.000000E+000 
$SHAPE_CAL:
3
0.000000E+000 0.000000E+000 0.000000E+000
