$SPEC_ID:
trial spectrum
$SPEC_REM:
DET# 1
DETDESC# NS-PC19GDNE Easy-MCA-2k SN 14218179
AP# Maestro Version 7.01
$DATE_MEA:
03/02/2022 12:11:33
$MEAS_TIM:
530 539
$DATA:
0 2047
       0
       0
      12
      67
     777
    1093
     993
     957
     942
     910
     904
     789
     897
     861
     872
     869
     910
     828
     866
     836
     846
     892
     842
     884
     862
     886
     915
     934
     979
     993
     975
     924
    1004
    1078
    1170
    1294
    1369
    1555
    1603
    1920
    2084
    2377
    2639
    2986
    3217
    3645
    3847
    4164
    4581
    4607
    4841
    4943
    5062
    5039
    4909
    4605
    4564
    4412
    4072
    3823
    3567
    3336
    2996
    2730
    2558
    2313
    2094
    1949
    1825
    1625
    1590
    1533
    1379
    1319
    1251
    1261
    1237
    1130
    1186
    1079
    1078
    1127
    1084
    1055
    1100
    1106
    1057
    1019
    1057
    1058
    1029
    1100
    1021
     996
    1028
     989
    1053
    1001
    1080
    1031
    1048
    1070
    1021
    1087
     996
    1047
    1065
    1046
    1038
    1102
    1118
    1158
    1151
    1103
    1130
    1155
    1119
    1226
    1225
    1248
    1260
    1332
    1339
    1424
    1435
    1403
    1509
    1535
    1624
    1655
    1722
    1689
    1743
    1795
    1822
    1929
    1864
    1928
    1971
    1878
    1971
    2096
    1913
    1941
    1846
    1912
    1850
    1935
    1881
    1821
    1818
    1738
    1806
    1693
    1745
    1667
    1654
    1611
    1602
    1576
    1503
    1565
    1456
    1391
    1500
    1458
    1405
    1378
    1323
    1262
    1256
    1259
    1238
    1255
    1212
    1170
    1173
    1102
    1116
    1108
    1058
    1063
    1085
    1046
     983
    1030
     981
     951
    1058
     972
     998
     994
     976
     996
     984
     983
     999
     911
    1011
     928
     997
     946
    1011
     923
     973
     981
    1003
    1002
     974
    1005
     931
     974
     975
    1017
     956
    1003
    1042
    1013
     979
     941
     999
     971
     991
     956
    1044
     988
     894
     941
     950
    1042
    1030
     969
     954
     966
    1002
     959
     950
     950
    1020
     964
     966
    1002
     930
    1014
     973
    1031
     957
     994
     988
    1077
    1066
     944
    1020
     990
     976
     995
     902
     946
     924
     986
    1010
    1011
     946
     985
     973
    1003
     956
     991
     948
     982
    1005
    1038
     995
    1045
     977
    1015
    1051
    1014
     987
    1042
    1021
    1011
     964
    1009
    1010
     949
    1012
    1036
    1014
    1041
    1014
    1064
    1033
     985
     992
    1024
    1050
    1019
    1024
    1011
    1050
    1022
    1072
    1087
    1038
     990
    1057
    1052
    1077
    1143
    1123
    1038
    1121
    1050
    1086
    1107
    1139
    1114
    1073
    1177
    1096
    1137
    1179
    1133
    1187
    1157
    1222
    1164
    1234
    1201
    1217
    1182
    1192
    1236
    1244
    1201
    1242
    1233
    1304
    1304
    1235
    1294
    1229
    1297
    1329
    1383
    1426
    1289
    1328
    1335
    1348
    1386
    1372
    1373
    1359
    1322
    1412
    1342
    1298
    1330
    1386
    1293
    1366
    1355
    1340
    1327
    1399
    1315
    1334
    1353
    1397
    1316
    1322
    1389
    1364
    1331
    1351
    1336
    1381
    1379
    1311
    1357
    1355
    1354
    1286
    1339
    1265
    1271
    1273
    1293
    1274
    1336
    1315
    1307
    1351
    1296
    1253
    1318
    1285
    1261
    1286
    1327
    1347
    1258
    1250
    1314
    1298
    1315
    1284
    1289
    1279
    1285
    1233
    1333
    1341
    1229
    1219
    1287
    1245
    1274
    1259
    1236
    1207
    1205
    1209
    1261
    1303
    1278
    1243
    1157
    1241
    1237
    1224
    1196
    1206
    1231
    1220
    1305
    1223
    1217
    1184
    1239
    1191
    1203
    1180
    1254
    1275
    1163
    1144
    1188
    1192
    1217
    1179
    1132
    1225
    1145
    1201
    1208
    1260
    1172
    1246
    1191
    1201
    1194
    1242
    1115
    1174
    1119
    1158
    1164
    1213
    1156
    1204
    1092
     969
    1200
    1207
    1168
    1236
    1262
    1268
    1213
    1225
    1188
    1193
    1210
    1220
    1162
    1236
    1156
    1176
    1136
    1122
    1179
    1141
    1180
    1157
    1159
    1213
    1144
    1166
    1153
    1131
    1148
    1184
    1106
    1168
    1221
    1101
    1150
    1136
    1143
    1152
    1116
    1123
    1184
    1118
    1170
    1137
    1180
    1173
    1171
    1157
    1121
    1161
    1179
    1122
    1093
    1148
    1136
    1111
    1190
    1154
    1110
    1104
    1144
    1120
    1164
    1145
    1111
    1140
    1147
    1150
    1178
    1075
    1083
    1112
    1183
    1136
    1117
    1111
    1236
    1082
    1115
    1078
    1163
    1126
    1171
    1095
    1141
    1172
    1118
    1111
    1120
    1139
    1065
    1096
    1126
    1123
    1068
    1098
    1068
    1071
    1112
    1082
    1144
    1100
    1126
    1073
    1080
    1095
    1083
    1121
    1149
    1135
    1126
    1145
    1070
    1117
    1085
    1093
    1104
    1135
    1148
    1056
    1098
    1037
    1077
    1024
    1112
    1072
    1075
    1072
    1062
    1090
    1085
    1103
    1085
    1111
    1099
    1083
    1106
    1072
    1134
    1102
    1152
    1115
    1107
    1125
    1165
    1128
    1043
    1140
    1086
    1058
    1095
    1150
    1132
    1101
    1063
    1079
    1086
    1045
    1098
    1061
    1080
    1093
    1065
    1154
    1107
    1116
    1174
    1099
    1110
    1070
    1090
    1054
    1010
    1069
    1128
    1105
    1059
    1157
    1106
    1163
    1106
    1074
    1145
    1123
    1150
    1034
    1132
    1063
    1111
    1123
    1036
    1100
    1114
    1160
    1152
    1068
    1135
    1142
    1107
    1130
    1101
    1108
    1111
    1104
    1084
    1104
    1109
    1019
    1127
    1101
    1134
    1170
    1101
    1094
    1079
    1095
    1139
    1150
    1119
    1096
    1134
    1116
    1137
    1158
    1134
    1133
    1146
    1127
    1137
    1140
    1084
    1107
    1165
    1111
    1090
    1138
    1109
    1094
    1141
    1150
    1105
    1137
    1140
    1174
    1120
    1129
    1096
    1142
    1111
    1112
    1125
    1149
    1083
    1154
    1157
    1236
    1165
    1120
    1110
    1176
    1170
    1137
    1165
    1181
    1120
    1200
    1209
    1182
    1134
    1120
    1138
    1199
    1242
    1213
    1182
    1153
    1201
    1236
    1183
    1139
    1184
    1174
    1166
    1149
    1175
    1228
    1218
    1203
    1187
    1203
    1175
    1219
    1193
    1203
    1210
    1169
    1217
    1172
    1198
    1146
    1146
    1187
    1160
    1229
    1139
    1190
    1158
    1143
    1198
    1160
    1162
    1162
    1207
    1140
    1100
    1163
    1151
    1136
    1230
    1199
    1149
    1158
    1175
    1160
    1093
    1140
    1069
    1121
    1100
    1117
    1138
    1067
    1131
    1163
    1056
    1088
    1141
    1090
    1096
    1129
    1077
    1064
    1074
    1107
    1052
    1069
    1049
    1009
    1040
    1047
    1057
    1086
    1026
     981
    1060
    1003
     951
     953
     942
     952
     990
     897
     950
     952
     924
     896
     873
     893
     860
     882
     890
     872
     824
     877
     863
     856
     830
     872
     823
     764
     738
     790
     779
     761
     748
     786
     762
     769
     741
     718
     720
     772
     682
     723
     652
     690
     681
     684
     640
     652
     643
     638
     616
     635
     679
     599
     616
     678
     548
     569
     576
     594
     596
     573
     564
     548
     585
     594
     571
     554
     558
     509
     518
     522
     566
     524
     498
     490
     519
     476
     519
     491
     503
     481
     480
     486
     435
     467
     458
     459
     456
     449
     462
     421
     452
     462
     428
     419
     470
     435
     460
     428
     403
     432
     398
     431
     408
     386
     388
     406
     389
     401
     442
     417
     398
     395
     380
     391
     388
     382
     387
     407
     374
     363
     355
     368
     357
     380
     367
     403
     357
     365
     336
     373
     352
     385
     345
     350
     333
     333
     344
     383
     314
     333
     323
     321
     338
     334
     310
     313
     313
     321
     320
     328
     334
     334
     306
     299
     327
     327
     315
     301
     302
     314
     280
     257
     294
     283
     301
     282
     299
     295
     288
     294
     321
     279
     311
     290
     299
     293
     272
     265
     282
     280
     268
     319
     293
     292
     274
     299
     278
     239
     250
     246
     284
     271
     269
     238
     255
     263
     261
     259
     268
     256
     244
     273
     249
     273
     273
     259
     243
     270
     287
     271
     278
     251
     251
     281
     275
     247
     266
     308
     255
     267
     248
     248
     246
     275
     270
     258
     258
     291
     270
     270
     292
     269
     227
     286
     288
     258
     286
     260
     268
     323
     258
     282
     279
     289
     298
     319
     301
     299
     311
     323
     291
     318
     370
     301
     304
     331
     349
     369
     388
     361
     373
     392
     374
     416
     388
     445
     453
     448
     482
     442
     474
     476
     481
     507
     511
     547
     546
     561
     609
     589
     638
     648
     667
     674
     692
     698
     724
     778
     788
     797
     778
     857
     857
     915
     938
     969
    1008
     989
    1038
    1065
    1129
    1119
    1179
    1246
    1224
    1229
    1351
    1421
    1418
    1458
    1488
    1517
    1591
    1593
    1645
    1769
    1723
    1764
    1829
    1909
    1905
    2009
    2060
    1983
    2047
    2259
    2226
    2181
    2312
    2372
    2425
    2395
    2473
    2633
    2616
    2746
    2764
    2761
    2722
    2891
    2898
    2938
    2937
    3042
    3170
    3109
    3310
    3259
    3318
    3298
    3427
    3548
    3509
    3533
    3505
    3605
    3638
    3740
    3672
    3694
    3748
    3760
    3866
    3897
    3829
    3998
    3943
    3866
    3956
    4054
    4087
    4053
    4086
    4240
    4199
    3996
    4141
    4148
    4100
    4226
    4176
    4056
    4093
    4094
    4271
    4117
    4129
    4110
    4107
    4141
    4153
    4168
    4034
    4053
    4052
    4054
    3931
    3901
    3932
    3899
    3820
    3815
    3804
    3619
    3737
    3713
    3671
    3699
    3694
    3605
    3540
    3501
    3430
    3390
    3364
    3245
    3204
    3250
    3159
    3073
    3034
    3040
    2991
    3011
    2869
    2885
    2719
    2783
    2676
    2625
    2638
    2600
    2614
    2499
    2391
    2268
    2378
    2231
    2246
    2274
    2206
    2127
    2048
    1998
    1944
    1914
    1894
    1801
    1888
    1786
    1760
    1714
    1695
    1649
    1603
    1552
    1510
    1471
    1506
    1398
    1430
    1370
    1332
    1254
    1306
    1218
    1169
    1168
    1122
    1122
    1095
    1030
    1095
    1003
    1063
     983
     946
     939
     911
     925
     892
     872
     842
     810
     739
     746
     783
     753
     751
     772
     685
     684
     643
     706
     678
     640
     582
     616
     615
     609
     589
     570
     530
     499
     565
     544
     522
     487
     525
     501
     438
     497
     451
     476
     450
     403
     471
     447
     416
     423
     425
     389
     387
     427
     383
     411
     370
     370
     349
     374
     327
     356
     374
     360
     303
     313
     330
     319
     299
     299
     326
     286
     276
     266
     278
     277
     247
     287
     259
     248
     276
     237
     210
     247
     237
     262
     243
     201
     218
     207
     201
     193
     201
     213
     193
     209
     182
     186
     200
     151
     153
     181
     190
     159
     159
     175
     150
     149
     162
     134
     141
     150
     136
     146
     127
     138
     143
     125
     130
     117
     106
     114
     106
     107
     113
     106
     109
     103
     116
     104
      85
      89
      92
      70
      82
      79
      99
      81
      95
      77
      89
      88
      90
      67
      66
      56
      66
      63
      59
      64
      49
      65
      50
      49
      46
      41
      43
      40
      39
      46
      48
      46
      39
      44
      43
      29
      33
      33
      34
      34
      32
      31
      26
      31
      30
      28
      26
      34
      26
      24
      18
      21
      27
      22
      24
      23
      21
      21
      10
      16
      19
      30
      21
      20
      14
      17
      14
      15
      16
      16
      11
      16
      14
       4
      10
      18
      13
       9
       8
      14
      11
       5
       6
       8
      15
      11
       8
      10
      14
       9
       8
      12
       7
      11
       6
      11
      11
       5
       6
       6
       4
       5
       6
       4
      10
       5
       6
       6
       7
       8
       9
       9
       2
       5
       3
       4
       7
       7
       3
       2
       5
       8
       6
       6
      10
       5
       4
       5
       7
       5
       7
       6
       3
       4
       4
       4
       3
       5
       3
       3
       5
       5
       2
       7
       3
       2
       6
       6
       6
       5
       7
       7
       4
       7
       4
       3
       5
       1
       1
       3
       4
       3
       6
       5
       1
       3
       8
       5
       5
       7
       5
       6
       8
       4
       6
       6
       5
       3
       5
       7
       7
       8
       6
       5
       5
       5
       4
       5
       1
       3
       8
       3
       5
       2
       4
       3
       1
       3
       5
       2
       5
       3
       7
       4
       7
       3
       8
       2
       2
       4
       2
       3
       5
       6
       3
       1
       3
       3
       8
       0
       4
       3
       1
       5
       6
       5
       4
       2
       2
       4
       2
       2
       1
       7
       6
       5
       1
       2
       3
       4
       6
       6
       4
       4
       3
       2
       5
       0
       6
       4
       4
       5
       3
       6
      10
       1
       7
       7
       1
       5
       3
       3
       3
       2
       3
       0
       6
       1
       5
       2
       4
       4
       2
       0
       1
       4
       8
       3
       4
       4
       2
       5
       7
       5
       3
       1
       8
       6
       4
       3
       6
       4
       4
       4
       8
       2
       1
       3
       4
       5
       3
       2
       3
       4
       4
       3
       4
       3
       3
       2
       1
       3
       4
       3
       2
       3
       1
       4
       2
       1
       8
       2
       4
       4
       4
       1
       8
       2
       1
       3
       7
       4
       5
       8
       3
       2
       2
       2
       4
       5
       1
       1
       3
       3
       2
       4
       2
       3
       6
       1
       3
       2
       3
       0
       2
       2
       5
       4
       3
       2
       7
       8
       2
       0
       1
       2
       3
       2
       4
       0
       8
       3
       3
       3
       2
       2
       1
       3
       5
       1
       5
       7
       2
       6
       1
       5
       1
       3
       2
       4
       2
       2
       4
       1
       4
       2
       4
       1
       2
       2
       1
       2
       5
       5
       3
       2
       1
       4
       1
       2
       1
       3
       1
       0
       1
       3
       2
       2
       2
       4
       0
       1
       1
       0
       2
       6
       3
       2
       1
       3
       2
       4
       1
       2
       3
       5
       2
       3
       4
       4
       1
       3
       7
       3
       3
       2
       4
       2
       5
       2
       8
       4
       3
       5
       3
       2
       5
       2
       6
       1
       4
       2
       1
       3
       3
       1
       4
       0
       1
       2
       2
       3
       2
       0
       5
       2
       2
       2
       2
       6
       0
       4
       3
       2
       4
       0
       2
       3
       2
       3
       1
       0
       1
       2
       4
       3
       4
       3
       3
       3
       3
       2
       3
       3
       1
       3
       1
       1
       1
       4
       2
       1
       2
       1
       1
       2
       2
       4
       3
       5
       1
       1
       2
       0
       0
       0
       1
       0
       0
       0
       1
       1
       1
       1
       0
       0
       2
       1
       0
       1
       0
       0
       0
       0
       0
       0
       0
       0
       0
       0
       0
       0
       0
       0
       0
       0
       0
       0
       0
       0
       0
       0
       0
       0
       0
       0
       0
       0
       0
       0
       0
       0
       0
       0
       0
       0
       0
       0
       0
       0
       0
       0
       0
       0
       0
       0
       0
       0
       0
       0
       0
       0
       0
       0
       0
       0
       0
       0
       0
       0
       0
       0
       0
       0
       0
       0
       0
       0
       0
       0
       0
       0
       0
       0
       0
       0
       0
       0
       0
$ROI:
0
$PRESETS:
None
0
0
$ENER_FIT:
0.000000 0.000000
$MCA_CAL:
3
0.000000E+000 0.000000E+000 0.000000E+000 
$SHAPE_CAL:
3
0.000000E+000 0.000000E+000 0.000000E+000
