$SPEC_ID:
trial spectrum
$SPEC_REM:
DET# 1
DETDESC# NS-PC19GDNE Easy-MCA-2k SN 14218179
AP# Maestro Version 7.01
$DATE_MEA:
03/02/2022 11:36:18
$MEAS_TIM:
530 551
$DATA:
0 2047
       0
       0
      91
    1021
    7046
    9031
    8902
    9165
    9811
   10503
   11894
   13603
   15872
   17749
   20104
   22252
   23684
   24583
   25039
   25419
   26002
   27223
   28979
   31612
   34383
   37726
   40575
   42744
   43756
   43903
   42708
   40311
   37454
   33393
   29820
   26037
   22344
   19004
   16185
   13497
   11163
    9287
    8023
    7016
    6266
    5690
    5271
    5140
    5058
    5011
    5237
    5590
    5711
    6060
    6450
    6932
    7419
    7940
    8367
    8877
    9235
    9809
   10276
   10459
   10641
   10712
   10756
   10620
   10511
    9986
    9979
    9868
    9406
    9068
    8982
    8571
    8328
    8183
    7865
    7669
    7632
    7407
    7333
    7445
    7480
    7709
    7730
    8167
    8186
    8808
    9266
    9923
   10534
   11647
   12309
   13381
   14695
   15914
   17229
   18770
   20494
   22082
   23297
   24928
   26126
   27148
   27508
   29000
   29011
   28929
   28492
   27694
   26768
   25198
   23681
   22499
   20292
   18427
   16652
   14732
   13405
   11668
   10236
    9050
    7877
    6875
    6031
    5354
    4843
    4457
    4137
    3867
    3608
    3451
    3372
    3247
    3322
    3258
    3163
    3213
    3311
    3244
    3292
    3226
    3394
    3327
    3303
    3365
    3242
    3295
    3348
    3361
    3332
    3371
    3360
    3411
    3256
    3255
    3246
    3223
    3235
    3147
    3159
    3104
    3132
    3150
    3116
    3074
    3087
    3104
    3091
    2999
    2969
    3081
    3012
    2939
    3019
    2941
    3093
    3067
    3066
    3100
    3047
    2979
    3010
    2986
    3065
    2985
    3060
    3116
    3121
    3167
    3216
    3149
    3128
    3242
    3304
    3428
    3508
    3541
    3625
    3582
    3671
    3998
    4026
    4217
    4322
    4323
    4537
    4626
    4732
    4964
    5042
    5237
    5302
    5479
    5685
    5805
    5724
    5945
    6060
    6017
    6387
    6277
    6330
    6223
    6275
    6137
    6062
    6054
    5834
    5810
    5666
    5679
    5508
    5479
    5133
    4945
    4923
    4575
    4641
    4256
    4153
    4002
    3952
    3761
    3640
    3578
    3561
    3343
    3342
    3235
    3236
    3059
    3056
    3035
    3006
    2998
    2874
    2920
    2910
    2882
    2860
    2881
    2821
    2786
    2810
    2904
    2888
    2901
    2957
    2841
    2874
    2967
    3044
    3004
    3026
    3092
    3090
    3199
    3198
    3318
    3362
    3417
    3617
    3645
    3797
    3838
    4003
    4133
    4146
    4612
    4832
    4915
    4937
    5181
    5482
    5632
    5855
    6094
    6415
    6595
    6776
    7076
    7297
    7660
    7844
    7876
    8229
    8326
    8837
    8871
    9021
    9267
    9387
    9282
    9597
    9659
    9495
    9640
    9768
    9591
    9521
    9442
    9387
    8979
    9056
    9057
    8823
    8581
    8202
    8031
    7936
    7392
    7462
    7055
    6734
    6590
    6344
    6079
    5831
    5511
    5428
    5192
    4912
    4788
    4526
    4448
    4190
    3996
    3793
    3802
    3538
    3445
    3398
    3123
    3169
    3035
    3194
    2876
    2845
    2882
    2851
    2810
    2796
    2583
    2657
    2577
    2512
    2566
    2666
    2610
    2513
    2483
    2471
    2476
    2544
    2506
    2476
    2532
    2458
    2401
    2408
    2488
    2421
    2394
    2459
    2424
    2415
    2425
    2341
    2471
    2435
    2414
    2436
    2417
    2337
    2448
    2395
    2411
    2326
    2405
    2330
    2416
    2375
    2392
    2239
    2415
    2292
    2312
    2332
    2340
    2277
    2245
    2223
    2225
    2227
    2209
    2230
    2211
    2181
    2100
    2195
    2088
    2095
    2077
    2077
    2121
    2055
    2078
    2034
    1959
    1958
    2013
    1972
    1952
    1799
    1868
    1839
    1890
    1823
    1810
    1826
    1781
    1888
    1758
    1760
    1837
    1755
    1705
    1725
    1715
    1686
    1750
    1679
    1632
    1678
    1679
    1645
    1673
    1602
    1641
    1656
    1665
    1639
    1616
    1702
    1610
    1574
    1613
    1652
    1575
    1621
    1553
    1507
    1550
    1481
    1601
    1599
    1591
    1577
    1537
    1477
    1629
    1559
    1561
    1596
    1580
    1539
    1579
    1546
    1512
    1472
    1526
    1551
    1420
    1517
    1544
    1546
    1560
    1501
    1442
    1549
    1449
    1435
    1444
    1449
    1425
    1480
    1495
    1431
    1452
    1383
    1501
    1437
    1501
    1470
    1467
    1457
    1384
    1509
    1351
    1515
    1427
    1495
    1393
    1397
    1363
    1493
    1371
    1337
    1364
    1419
    1347
    1367
    1392
    1344
    1319
    1334
    1276
    1328
    1339
    1357
    1356
    1322
    1300
    1315
    1330
    1380
    1331
    1290
    1331
    1258
    1302
    1235
    1250
    1293
    1206
    1216
    1243
    1248
    1249
    1252
    1217
    1234
    1209
    1232
    1200
    1209
    1164
    1150
    1177
    1182
    1156
    1135
    1135
    1172
    1139
    1120
    1175
    1101
    1164
    1189
    1164
    1094
    1220
    1138
    1176
    1127
    1116
    1154
    1171
    1134
    1134
    1125
    1211
    1133
    1067
    1133
    1137
    1113
    1138
    1125
    1146
    1107
    1153
    1205
    1180
    1178
    1174
    1133
    1066
    1208
    1112
    1064
    1206
    1156
    1153
    1185
    1178
    1161
    1234
    1168
    1161
    1165
    1104
    1170
    1116
    1149
    1225
    1143
    1157
    1183
    1136
    1210
    1149
    1182
    1170
    1160
    1166
    1118
    1129
    1089
    1119
    1140
    1228
    1154
    1199
    1132
    1145
    1190
    1175
    1195
    1200
    1129
    1214
    1188
    1167
    1115
    1226
    1112
    1185
    1212
    1192
    1243
    1203
    1202
    1172
    1161
    1184
    1180
    1197
    1178
    1237
    1220
    1270
    1311
    1205
    1258
    1258
    1245
    1322
    1277
    1297
    1318
    1361
    1308
    1355
    1399
    1410
    1448
    1400
    1422
    1456
    1499
    1356
    1532
    1459
    1507
    1529
    1501
    1616
    1570
    1581
    1603
    1606
    1616
    1629
    1617
    1706
    1613
    1692
    1729
    1706
    1710
    1702
    1796
    1773
    1664
    1768
    1784
    1727
    1760
    1678
    1743
    1703
    1739
    1683
    1693
    1668
    1644
    1668
    1684
    1727
    1696
    1628
    1600
    1655
    1563
    1539
    1594
    1612
    1599
    1521
    1486
    1488
    1517
    1447
    1482
    1467
    1471
    1449
    1344
    1420
    1292
    1441
    1307
    1306
    1308
    1326
    1315
    1281
    1268
    1254
    1245
    1156
    1261
    1218
    1180
    1186
    1145
    1113
    1136
    1108
    1133
    1189
    1128
    1078
    1114
    1092
    1094
    1037
    1084
    1081
    1088
    1016
    1017
    1087
    1074
     984
    1066
    1062
     988
    1068
    1020
    1025
    1050
    1014
     967
     998
    1043
    1038
    1061
    1009
     924
     995
     981
     958
     968
     963
     915
     912
     909
     915
     909
     961
     939
     891
     902
     934
     839
     846
     867
     873
     880
     848
     812
     870
     887
     858
     898
     888
     871
     878
     821
     834
     847
     813
     835
     844
     838
     806
     825
     828
     788
     860
     910
     844
     878
     834
     881
     888
     868
     862
     885
     911
     922
     895
     878
     905
     970
     942
     963
    1002
    1000
     953
    1028
     984
     991
    1032
    1048
    1131
    1098
    1055
    1077
    1056
    1078
    1139
    1095
    1085
    1128
    1093
    1091
    1097
    1119
    1139
    1146
    1115
    1091
    1204
    1124
    1132
    1134
    1096
    1179
    1154
    1098
    1112
    1124
    1095
    1120
    1154
    1077
    1097
    1091
    1049
    1073
    1063
    1072
    1099
    1019
    1032
    1067
    1029
     927
     964
     970
     960
     982
     941
     934
     925
     859
     918
     913
     902
     894
     840
     829
     801
     810
     820
     792
     777
     809
     812
     751
     779
     801
     756
     791
     789
     721
     740
     743
     706
     725
     747
     704
     688
     776
     745
     715
     703
     737
     764
     803
     721
     747
     782
     787
     799
     813
     823
     830
     840
     861
     788
     851
     837
     862
     900
     880
     859
     881
     892
     955
     878
     971
     992
     978
     982
     970
    1033
    1035
    1029
    1078
    1030
    1057
    1088
    1110
    1122
    1114
    1188
    1162
    1184
    1194
    1201
    1200
    1280
    1167
    1264
    1226
    1196
    1265
    1242
    1291
    1275
    1278
    1276
    1306
    1272
    1341
    1333
    1308
    1326
    1352
    1295
    1309
    1317
    1258
    1315
    1303
    1256
    1328
    1197
    1251
    1233
    1271
    1252
    1212
    1187
    1239
    1208
    1173
    1212
    1270
    1172
    1064
    1156
    1149
    1106
    1078
    1096
    1074
    1076
     994
    1030
     984
    1032
     992
     970
     940
     931
     931
     900
     888
     859
     897
     814
     834
     775
     815
     745
     761
     701
     673
     730
     722
     692
     681
     654
     667
     633
     605
     601
     624
     592
     546
     578
     573
     598
     531
     512
     487
     482
     500
     463
     471
     485
     446
     447
     486
     397
     443
     445
     414
     413
     419
     429
     419
     403
     391
     405
     377
     361
     341
     361
     399
     338
     378
     335
     373
     339
     286
     352
     323
     326
     325
     310
     350
     310
     347
     273
     289
     303
     310
     280
     259
     292
     257
     285
     278
     285
     280
     245
     282
     286
     291
     255
     260
     259
     256
     235
     232
     227
     224
     238
     222
     241
     271
     210
     239
     202
     230
     237
     197
     231
     222
     226
     211
     215
     195
     222
     203
     204
     187
     190
     204
     182
     209
     197
     189
     185
     196
     199
     168
     185
     194
     166
     193
     180
     158
     150
     179
     181
     165
     170
     160
     167
     168
     151
     192
     180
     188
     161
     180
     165
     165
     177
     186
     190
     187
     159
     143
     154
     180
     156
     162
     170
     178
     153
     183
     175
     176
     177
     186
     213
     154
     174
     178
     159
     216
     156
     185
     184
     187
     218
     189
     189
     194
     200
     206
     214
     218
     218
     214
     253
     236
     239
     226
     255
     263
     252
     245
     277
     289
     266
     286
     303
     305
     307
     353
     325
     341
     373
     352
     375
     385
     360
     370
     372
     436
     393
     402
     432
     461
     406
     408
     414
     458
     478
     472
     450
     467
     453
     488
     499
     529
     525
     502
     466
     520
     530
     551
     542
     559
     530
     558
     548
     511
     559
     559
     580
     541
     619
     570
     531
     580
     625
     560
     515
     563
     582
     556
     540
     547
     510
     590
     495
     537
     540
     518
     508
     524
     523
     505
     515
     506
     485
     499
     478
     495
     458
     457
     444
     485
     442
     418
     414
     439
     420
     429
     378
     402
     418
     400
     387
     397
     397
     367
     306
     375
     328
     335
     343
     311
     320
     300
     272
     272
     291
     281
     254
     294
     268
     256
     216
     228
     227
     242
     236
     235
     230
     200
     215
     205
     232
     189
     208
     204
     186
     151
     185
     160
     143
     174
     143
     173
     159
     155
     137
     146
     145
     135
     134
     126
     129
     123
     129
     128
     115
     118
     126
     109
     138
     129
     108
     116
     116
     121
     120
      93
     114
     108
      91
      88
      85
      90
      87
     123
      97
      92
      95
     105
      96
      91
     112
     117
      89
      84
      97
      82
      76
      94
      90
      91
      70
      63
      73
      61
      74
      78
      66
      77
      70
      76
      69
      74
      73
      83
      59
      69
      56
      65
      66
      63
      54
      63
      62
      47
      64
      51
      73
      53
      61
      53
      50
      56
      57
      49
      58
      54
      48
      43
      63
      46
      43
      44
      35
      33
      41
      43
      39
      42
      36
      40
      42
      34
      36
      47
      44
      41
      39
      44
      37
      28
      28
      38
      37
      40
      25
      38
      35
      35
      25
      38
      29
      28
      33
      34
      32
      15
      28
      24
      28
      29
      31
      24
      40
      30
      27
      26
      25
      17
      14
      16
      21
      17
      27
      16
      22
      16
      19
      18
      14
      17
      20
      12
      17
      15
       9
      17
      17
      13
      21
      10
      12
      13
      18
      11
      11
      19
      10
      10
      10
      13
      12
      12
      11
      10
      11
       4
       7
       9
      13
       9
       5
       4
      11
      12
       8
       6
       3
      11
       7
      10
       7
       6
       6
       5
       8
       4
      11
       4
       3
      10
       3
       5
       4
       5
       5
       8
       2
       9
       3
       4
       7
       6
       3
       8
       4
       6
       3
       8
       6
       8
       7
       4
       7
       4
       7
       0
       4
       3
       2
       4
       8
       8
       3
       4
       1
       6
       3
       4
       2
       4
       2
       5
       6
       3
       4
       3
       4
       6
       5
       3
       3
       5
       6
       1
       2
       5
       0
       1
       0
       5
       1
       3
       1
       2
       6
       3
       1
       4
       7
       1
       3
       1
       1
       3
       1
       2
       3
       4
       6
       0
       4
       2
       7
       9
       3
       3
       1
       3
       2
       4
       3
       3
       2
       2
       6
       1
       5
       3
       3
       2
       3
       2
       1
       0
       1
       2
       0
       2
       1
       3
       1
       0
       1
       2
       3
       1
       2
       3
       3
       1
       1
       3
       6
       3
       2
       1
       2
       2
       3
       2
       1
       0
       1
       4
       1
       2
       3
       1
       3
       2
       3
       2
       1
       0
       3
       0
       0
       2
       2
       1
       0
       2
       2
       3
       3
       2
       3
       1
       0
       2
       1
       0
       1
       2
       1
       1
       3
       4
       2
       2
       1
       1
       3
       4
       3
       1
       2
       0
       2
       0
       1
       3
       0
       0
       2
       1
       2
       0
       3
       2
       0
       0
       2
       2
       2
       0
       0
       0
       0
       0
       0
       2
       4
       1
       3
       1
       1
       0
       1
       1
       1
       0
       2
       0
       1
       2
       0
       2
       1
       0
       0
       2
       0
       2
       0
       0
       0
       2
       2
       1
       2
       4
       3
       1
       1
       1
       0
       2
       0
       2
       0
       1
       1
       0
       1
       2
       1
       2
       2
       0
       2
       1
       0
       0
       1
       1
       3
       0
       0
       0
       1
       0
       1
       2
       0
       1
       2
       0
       1
       0
       3
       3
       0
       1
       0
       0
       1
       1
       1
       1
       0
       0
       2
       0
       1
       1
       3
       2
       0
       0
       1
       2
       0
       1
       0
       1
       1
       1
       0
       1
       0
       0
       2
       2
       1
       0
       0
       3
       0
       0
       0
       1
       0
       1
       0
       1
       0
       1
       0
       1
       2
       1
       0
       0
       1
       0
       1
       0
       1
       1
       0
       1
       1
       1
       1
       2
       1
       2
       0
       0
       1
       0
       2
       1
       2
       0
       1
       2
       0
       1
       0
       0
       0
       1
       1
       3
       1
       1
       1
       1
       0
       0
       1
       0
       0
       1
       0
       0
       0
       2
       2
       0
       1
       0
       0
       1
       0
       0
       0
       0
       0
       0
       0
       0
       0
       0
       0
       0
       0
       0
       0
       0
       0
       0
       1
       0
       0
       0
       0
       0
       0
       0
       0
       0
       0
       0
       0
       0
       0
       0
       0
       0
       0
       0
       0
       0
       0
       0
       0
       0
       0
       0
       0
       0
       0
       0
       0
       0
       0
       0
       0
       0
       0
       0
       0
       0
       0
       0
       0
       0
       0
       0
       0
       0
       0
       0
       0
       0
       0
       0
       0
       0
       0
       0
       0
       0
       0
       0
       0
       0
       0
       0
       0
       0
       0
       0
       0
       0
       0
       0
       0
$ROI:
0
$PRESETS:
None
0
0
$ENER_FIT:
0.000000 0.000000
$MCA_CAL:
3
0.000000E+000 0.000000E+000 0.000000E+000 
$SHAPE_CAL:
3
0.000000E+000 0.000000E+000 0.000000E+000
