$SPEC_ID:
trial spectrum
$SPEC_REM:
DET# 1
DETDESC# NS-PC19GDNE Easy-MCA-2k SN 14218179
AP# Maestro Version 7.01
$DATE_MEA:
03/02/2022 10:38:28
$MEAS_TIM:
260 264
$DATA:
0 2047
       0
       0
      11
     197
     826
     898
     890
     916
     983
     958
     980
     935
    1039
     968
     986
    1037
     988
     979
     943
     979
     968
     959
     972
     999
     957
     930
     993
     997
     975
    1056
    1080
    1108
    1091
    1101
    1129
    1121
    1167
    1174
    1165
    1212
    1256
    1277
    1297
    1337
    1326
    1390
    1405
    1455
    1386
    1458
    1483
    1523
    1554
    1571
    1569
    1669
    1632
    1549
    1632
    1646
    1735
    1617
    1665
    1511
    1516
    1590
    1469
    1479
    1436
    1356
    1326
    1223
    1228
    1226
    1236
    1156
    1084
    1127
    1048
    1034
    1054
     962
     936
    1020
     958
     929
     920
     872
     928
     928
     908
     926
     860
     929
     930
     911
     962
     939
     932
     864
     984
     890
     911
     921
     959
     914
     918
     912
     911
     927
     876
     949
     870
     944
     962
     935
     941
     927
     949
     993
     958
     957
     916
     954
     925
    1002
     953
     983
     997
     997
     996
    1001
    1059
     994
    1016
    1051
    1039
    1004
    1026
    1086
    1137
    1111
    1109
    1060
    1129
    1107
    1194
    1128
    1163
    1135
    1084
    1186
    1197
    1171
    1245
    1204
    1190
    1219
    1278
    1178
    1275
    1257
    1218
    1270
    1241
    1254
    1256
    1272
    1254
    1238
    1262
    1231
    1259
    1270
    1252
    1193
    1218
    1233
    1214
    1234
    1245
    1204
    1181
    1258
    1236
    1186
    1278
    1229
    1238
    1231
    1189
    1173
    1217
    1273
    1211
    1221
    1218
    1149
    1225
    1170
    1192
    1198
    1177
    1212
    1161
    1191
    1150
    1253
    1178
    1196
    1205
    1187
    1269
    1208
    1153
    1132
    1147
    1140
    1176
    1164
    1103
    1127
    1187
    1147
    1142
    1138
    1137
    1227
    1152
    1176
    1169
    1148
    1219
    1192
    1166
    1212
    1186
    1181
    1180
    1099
    1136
    1151
    1198
    1189
    1132
    1204
    1124
    1171
    1148
    1176
    1160
    1152
    1195
    1142
    1216
    1147
    1159
    1175
    1128
    1152
    1086
    1135
    1197
    1118
    1154
    1155
    1143
    1156
    1142
    1212
    1121
    1158
    1168
    1133
    1186
    1147
    1079
    1108
    1123
    1076
    1102
    1084
    1063
    1159
    1115
    1058
    1040
    1109
    1005
    1058
     976
     985
    1001
     925
    1003
     966
     909
     930
     878
     884
     838
     830
     824
     806
     827
     815
     756
     774
     760
     792
     817
     776
     733
     726
     672
     713
     680
     699
     655
     697
     646
     680
     603
     662
     647
     606
     611
     672
     635
     620
     608
     619
     574
     607
     612
     553
     585
     556
     575
     560
     571
     516
     529
     517
     545
     543
     549
     537
     549
     559
     540
     555
     543
     522
     524
     551
     563
     487
     519
     544
     523
     508
     506
     478
     507
     476
     460
     488
     538
     474
     482
     497
     459
     502
     468
     429
     434
     476
     487
     482
     441
     423
     432
     444
     483
     465
     445
     439
     434
     434
     457
     461
     492
     475
     443
     433
     460
     466
     411
     499
     474
     502
     504
     461
     540
     535
     536
     553
     522
     550
     565
     563
     614
     604
     689
     669
     699
     718
     797
     812
     851
     886
     856
     895
     961
    1007
    1042
    1081
    1191
    1326
    1323
    1395
    1448
    1524
    1604
    1636
    1789
    1804
    1934
    2125
    2199
    2185
    2315
    2442
    2576
    2603
    2663
    2824
    2923
    3052
    3142
    3118
    3255
    3396
    3431
    3520
    3704
    3684
    3803
    3723
    3887
    3888
    3907
    4011
    3962
    4133
    4108
    4082
    3959
    4215
    4022
    4124
    4042
    4007
    3898
    3874
    3914
    3741
    3740
    3644
    3660
    3498
    3464
    3432
    3289
    3201
    3140
    3140
    2939
    2767
    2660
    2596
    2641
    2438
    2305
    2203
    2172
    2133
    1928
    1899
    1771
    1707
    1596
    1604
    1510
    1426
    1359
    1295
    1260
    1235
    1114
    1115
    1078
     988
     925
     920
     897
     848
     808
     845
     751
     738
     694
     646
     680
     670
     605
     634
     581
     530
     496
     507
     510
     468
     472
     455
     433
     432
     463
     408
     402
     397
     415
     357
     367
     358
     323
     317
     337
     328
     288
     311
     306
     322
     340
     280
     272
     260
     262
     260
     302
     280
     253
     226
     253
     282
     200
     227
     243
     209
     212
     212
     240
     225
     224
     214
     193
     206
     201
     185
     233
     210
     181
     192
     171
     192
     164
     191
     197
     203
     177
     170
     174
     176
     217
     164
     166
     183
     185
     178
     171
     188
     193
     172
     180
     198
     168
     195
     194
     189
     176
     182
     162
     186
     178
     169
     159
     177
     162
     183
     182
     172
     194
     172
     167
     178
     189
     188
     179
     202
     165
     179
     178
     171
     165
     188
     175
     175
     154
     188
     197
     190
     175
     181
     181
     152
     169
     158
     168
     169
     181
     197
     159
     189
     195
     174
     183
     181
     196
     180
     183
     177
     197
     178
     173
     189
     185
     186
     187
     167
     194
     176
     176
     173
     170
     161
     168
     180
     175
     186
     170
     184
     176
     183
     153
     183
     177
     175
     177
     159
     186
     191
     166
     176
     163
     186
     203
     161
     153
     201
     161
     161
     170
     172
     174
     173
     186
     175
     163
     151
     163
     164
     168
     168
     182
     178
     161
     170
     210
     186
     190
     168
     146
     147
     173
     157
     159
     172
     167
     176
     179
     152
     157
     163
     171
     187
     178
     156
     182
     171
     172
     151
     166
     173
     159
     167
     194
     188
     161
     176
     179
     186
     173
     183
     185
     176
     167
     176
     171
     173
     185
     198
     170
     192
     179
     182
     182
     174
     195
     162
     174
     185
     188
     179
     160
     166
     178
     148
     176
     148
     190
     157
     188
     174
     174
     168
     185
     205
     204
     183
     183
     170
     182
     179
     188
     182
     186
     186
     186
     213
     179
     162
     175
     167
     167
     197
     181
     199
     184
     201
     177
     163
     179
     195
     198
     175
     190
     197
     172
     187
     185
     187
     185
     180
     179
     169
     164
     187
     174
     174
     186
     188
     188
     181
     168
     174
     205
     189
     168
     190
     211
     161
     197
     184
     184
     164
     185
     171
     175
     185
     200
     181
     170
     198
     211
     212
     192
     208
     194
     165
     194
     192
     184
     187
     195
     180
     201
     189
     209
     182
     199
     183
     182
     200
     197
     169
     206
     219
     215
     210
     231
     205
     197
     221
     176
     201
     203
     175
     204
     215
     225
     200
     217
     206
     210
     209
     200
     178
     208
     206
     218
     192
     205
     235
     194
     199
     226
     228
     193
     187
     209
     183
     177
     222
     176
     190
     196
     199
     214
     190
     201
     197
     193
     190
     184
     220
     188
     183
     166
     181
     194
     156
     167
     173
     155
     181
     190
     170
     162
     174
     176
     132
     159
     165
     144
     135
     161
     145
     149
     168
     177
     179
     126
     132
     157
     139
     121
     163
     127
     128
     121
     136
     124
     110
     113
     127
     114
     138
     103
     105
     132
     121
     126
     116
     108
     123
     104
     104
      99
     114
      98
      90
      90
     103
      92
      75
      89
     102
      95
      87
      86
      86
      71
      80
      72
      91
      78
      68
      89
      71
      84
      78
      84
      78
      78
      68
      68
      69
      80
      77
      75
      69
      56
      71
      58
      68
      59
      57
      74
      70
      65
      53
      41
      49
      57
      62
      53
      47
      50
      49
      58
      59
      53
      43
      40
      52
      58
      48
      57
      52
      50
      44
      47
      51
      37
      42
      47
      53
      54
      49
      56
      48
      42
      44
      46
      44
      34
      38
      37
      48
      41
      39
      40
      51
      34
      43
      41
      48
      47
      52
      41
      54
      53
      59
      47
      47
      55
      45
      64
      52
      62
      46
      66
      71
      63
      66
      49
      74
      68
      66
      67
      98
      74
      69
      88
      72
      76
      98
     111
      97
      97
     107
     103
     115
     126
     120
     114
     130
     154
     140
     125
     152
     168
     156
     176
     176
     160
     190
     167
     184
     205
     216
     222
     249
     213
     218
     232
     214
     268
     251
     260
     273
     250
     264
     316
     304
     317
     346
     342
     339
     342
     367
     358
     353
     360
     403
     371
     390
     367
     364
     410
     388
     382
     412
     424
     462
     446
     414
     414
     425
     439
     455
     433
     451
     465
     423
     458
     472
     464
     446
     472
     446
     448
     450
     462
     488
     450
     403
     436
     450
     450
     431
     448
     451
     420
     411
     439
     420
     405
     376
     443
     405
     383
     408
     375
     365
     365
     355
     350
     344
     358
     328
     329
     315
     317
     316
     307
     285
     292
     273
     292
     256
     255
     242
     267
     242
     271
     214
     217
     230
     208
     193
     190
     193
     189
     187
     192
     170
     164
     172
     191
     180
     167
     183
     162
     153
     182
     139
     145
     103
     117
     137
     127
     114
     133
     129
     121
     110
     109
     102
     109
     104
     116
      78
     103
      84
      95
      93
      96
      89
     101
      74
      88
      60
      75
      74
      73
      70
      78
      68
      75
      73
      96
      72
      62
      74
      70
      79
      66
      51
      77
      43
      63
      75
      70
      59
      66
      61
      70
      44
      60
      52
      55
      43
      55
      52
      57
      46
      55
      48
      51
      43
      44
      47
      43
      45
      45
      32
      41
      38
      36
      45
      50
      41
      42
      44
      27
      39
      39
      33
      25
      33
      51
      35
      41
      30
      38
      40
      31
      34
      28
      40
      32
      30
      36
      26
      36
      30
      36
      27
      30
      23
      30
      26
      30
      22
      36
      28
      23
      25
      32
      24
      28
      27
      26
      28
      29
      30
      23
      24
      23
      28
      21
      23
      24
      18
      23
      24
      26
      20
      16
      15
      19
      23
      22
      14
      17
      27
      15
      17
      17
       9
      11
      14
      17
      15
      17
      14
      23
      19
      14
      11
      18
      17
      13
      15
      13
      15
      19
      14
      14
      15
      14
      17
      10
      19
      10
      14
      12
      18
       8
      11
      18
      15
      12
      16
      11
      12
      14
      13
       8
      15
      10
      10
      13
      12
       5
      13
      19
       9
      12
      11
      15
      13
       7
      10
      13
      15
      11
      12
       9
       8
       9
       7
      14
      10
       9
       4
       8
       7
      10
       8
       8
       5
       7
       5
       6
       7
       7
       9
       8
      13
      10
       7
       6
       7
       6
       9
      15
       7
       4
      11
       8
      12
       4
       5
      12
       6
       1
       8
       7
       7
       6
       5
      10
       5
       8
       9
       5
       6
       6
      10
       9
       7
       5
       6
       8
       3
       3
       8
      11
      12
       5
      10
       7
       7
       5
       6
       5
       2
       6
       8
       7
       3
       4
       4
       3
       5
       3
       5
       6
       4
       6
       5
       3
       3
       5
       4
       4
       6
       4
       5
       2
       8
       3
       5
       6
       6
       0
       1
       4
       4
       1
       9
       7
       2
       4
       6
       6
       0
       4
       4
       2
       4
       5
       3
       4
       1
       7
       3
       3
       5
       5
       5
       4
       3
       8
       3
       4
       2
       2
       3
       2
       5
       3
       2
       8
       5
       5
       2
       6
       5
       6
       6
       3
       6
       6
       5
       2
       4
       2
       4
       2
       7
       5
       4
       7
       7
       2
       2
       5
       5
       6
       5
       7
       8
      10
       7
       5
       8
       6
       7
       6
       5
       5
       5
       4
       8
       9
       6
       7
       5
       4
       6
       5
       5
      11
       9
       7
       5
      13
      11
       7
       7
      12
       9
       9
      10
      11
      15
      13
      11
       9
       8
       9
      14
       6
      11
       8
      18
      10
      12
      14
       9
       7
      13
       9
      12
      10
       8
       6
      13
       7
       6
      15
      10
      13
       9
      13
      13
      10
      13
      12
      11
      10
      11
      12
       9
      14
       7
       6
       8
      11
       9
      11
       3
       9
      10
       8
      10
       7
      15
       5
      13
       8
       9
       3
       8
      10
       6
       6
      10
       7
       6
       3
       8
       9
       8
       2
       1
       8
       6
      12
       5
       6
      10
       7
       5
      12
       3
       2
       6
       4
       8
       2
       5
       7
       3
       6
       5
       7
       5
       3
       5
       0
       4
       1
       2
       3
       5
       8
       6
       6
       5
       5
       5
       2
       4
       5
       3
       4
       3
       5
       3
       4
       3
       4
       1
       8
       2
       3
       0
       1
       2
       6
       4
       1
       3
       2
       4
       0
       1
       3
       2
       1
       1
       3
       0
       2
       4
       4
       0
       1
       2
       1
       2
       0
       1
       1
       0
       2
       2
       2
       4
       1
       1
       0
       0
       1
       0
       1
       0
       0
       5
       4
       0
       2
       1
       3
       1
       1
       4
       0
       1
       0
       0
       2
       1
       1
       1
       1
       0
       0
       1
       2
       1
       1
       1
       2
       0
       1
       1
       1
       0
       1
       1
       0
       3
       1
       0
       0
       0
       0
       2
       2
       0
       0
       2
       1
       0
       0
       0
       3
       0
       0
       0
       0
       0
       1
       1
       2
       1
       1
       0
       0
       0
       1
       0
       0
       0
       0
       0
       1
       0
       0
       0
       1
       0
       0
       1
       0
       0
       0
       0
       2
       0
       0
       2
       2
       0
       0
       0
       1
       1
       1
       2
       0
       0
       0
       0
       1
       0
       3
       0
       0
       0
       1
       0
       0
       0
       1
       1
       0
       0
       0
       1
       0
       0
       0
       0
       1
       1
       0
       0
       0
       0
       0
       0
       0
       1
       0
       0
       0
       0
       0
       0
       0
       1
       0
       0
       0
       0
       0
       0
       0
       0
       0
       0
       0
       0
       0
       0
       0
       0
       0
       0
       0
       0
       0
       0
       0
       0
       0
       0
       0
       1
       0
       0
       0
       0
       0
       0
       0
       0
       0
       0
       0
       0
       0
       0
       0
       0
       0
       0
       0
       0
       0
       0
       0
       0
       0
       0
       0
       0
       0
       0
       0
       0
       0
       0
       0
       0
       0
       0
       0
       0
       0
       0
       0
       0
       0
       0
       0
       0
       0
       0
       0
       0
       0
       0
       0
       0
       0
       0
       0
       0
       0
       0
       0
       0
       0
       0
       0
       0
       0
       0
       0
       0
       0
       0
       0
       0
       0
       0
       0
       0
       0
       0
$ROI:
1
430 527
$PRESETS:
None
0
0
$ENER_FIT:
0.000000 0.000000
$MCA_CAL:
3
0.000000E+000 0.000000E+000 0.000000E+000 
$SHAPE_CAL:
3
0.000000E+000 0.000000E+000 0.000000E+000
